# OpenPIV export (PIVlab-like)
# pair_id: 33
# source: Basler_acA1440-220uc__40671380__20260302_175123196_0726.tiff - Basler_acA1440-220uc__40671380__20260302_175123196_0727.tiff
# DT_ms: 1.0
# LM_KERNEL: 1, LM_THRESH: 2.0, LM_EPS: 0.1
# KEEP_PERCENTILE: 90.0
# columns: x_mm y_mm u_mm_per_s v_mm_per_s speed_mm_per_s valid

27.600000 33.200000 0.427453 -0.272957 0.507170 1
28.000000 33.200000 4.558853 -1.270750 4.732647 1
28.400000 33.200000 5.325136 -0.689132 5.369542 1
28.800000 33.200000 6.691496 -0.612043 6.719428 1
28.000000 33.600000 3.261940 -1.176901 3.467758 1
28.400000 33.600000 7.651958 -0.640537 7.678720 1
28.800000 33.600000 11.972192 -0.492187 11.982304 1
29.200000 33.600000 4.228968 -0.439675 4.251762 1
29.600000 33.600000 1.796531 -0.774924 1.956535 1
30.000000 33.600000 3.085538 1.613572 3.481976 1
30.400000 33.600000 16.155812 0.080302 16.156011 1
28.400000 34.000000 10.471522 -0.561020 10.486540 1
28.800000 34.000000 6.778914 -0.977858 6.849079 1
29.200000 34.000000 19.478178 -0.128160 19.478600 1
29.600000 34.000000 23.090088 -0.079525 23.090225 1
30.000000 34.000000 22.756141 0.000816 22.756141 1
30.400000 34.000000 7.600420 -0.654585 7.628556 1
30.800000 34.000000 1.735037 -0.213607 1.748136 1
31.200000 34.000000 3.030006 0.153990 3.033917 1
31.600000 34.000000 0.833628 0.024011 0.833974 1
28.800000 34.400000 19.562855 -0.200982 19.563887 1
29.200000 34.400000 21.925942 0.011391 21.925945 1
29.600000 34.400000 78.684800 1.357583 78.696510 1
30.000000 34.400000 25.762281 -0.071058 25.762379 1
30.400000 34.400000 84.819807 -0.841948 84.823985 1
30.800000 34.400000 19.071018 -0.011286 19.071021 1
31.200000 34.400000 16.732855 0.422436 16.738186 1
31.600000 34.400000 3.379016 -0.420016 3.405020 1
32.000000 34.400000 -0.319336 -0.415702 0.524198 1
32.400000 34.400000 -0.695404 0.493159 0.852521 1
29.200000 34.800000 24.334816 0.192955 24.335581 1
29.600000 34.800000 70.353896 0.496466 70.355648 1
30.000000 34.800000 27.034933 -0.085459 27.035068 1
30.400000 34.800000 25.552515 -0.104433 25.552728 1
30.800000 34.800000 19.480096 -0.119640 19.480464 1
31.200000 34.800000 20.187665 0.117535 20.188007 1
31.600000 34.800000 15.092361 1.637560 15.180941 1
32.000000 34.800000 13.138553 2.254082 13.330509 1
32.400000 34.800000 14.720052 12.387630 19.238849 1
32.800000 34.800000 1.254307 1.224064 1.752604 1
33.200000 34.800000 0.712338 0.175241 0.733577 1
29.200000 35.200000 23.464187 0.493779 23.469382 1
29.600000 35.200000 2.858534 0.643435 2.930056 1
30.000000 35.200000 26.055215 0.064604 26.055295 1
30.400000 35.200000 41.013091 -3.075163 41.128218 1
30.800000 35.200000 21.688981 -0.140926 21.689439 1
31.200000 35.200000 21.873154 0.140508 21.873605 1
31.600000 35.200000 16.283847 0.922777 16.309972 1
32.000000 35.200000 28.341022 8.697745 29.645645 1
32.400000 35.200000 11.628116 2.394568 11.872111 1
32.800000 35.200000 9.592992 9.295711 13.357984 1
33.200000 35.200000 5.496096 2.480912 6.030091 1
33.600000 35.200000 2.213109 1.251338 2.542380 1
34.000000 35.200000 0.130229 1.326852 1.333228 1
29.600000 35.600000 19.207113 0.330095 19.209949 1
30.000000 35.600000 2.709307 1.471484 3.083117 1
30.400000 35.600000 17.437338 -0.321827 17.440307 1
30.800000 35.600000 7.369539 -1.965624 7.627174 1
31.200000 35.600000 18.514962 0.067229 18.515084 1
31.600000 35.600000 10.274560 0.221279 10.276942 1
32.000000 35.600000 79.422184 -4.508073 79.550022 1
32.400000 35.600000 12.958131 2.369407 13.172974 1
32.800000 35.600000 11.749169 10.880078 16.013091 1
33.200000 35.600000 6.872304 -1.109199 6.961242 1
33.600000 35.600000 4.496576 1.694609 4.805299 1
34.000000 35.600000 7.715438 1.850518 7.934255 1
34.400000 35.600000 2.238903 0.638731 2.328232 1
34.800000 35.600000 0.269881 0.052924 0.275021 1
30.000000 36.000000 2.426030 1.941602 3.107320 1
30.400000 36.000000 11.479764 -0.398668 11.486684 1
30.800000 36.000000 11.421701 -0.336008 11.426642 1
31.200000 36.000000 17.412686 -2.891125 17.651069 1
31.600000 36.000000 5.975147 3.548647 6.949480 1
32.000000 36.000000 13.658167 1.205361 13.711252 1
32.400000 36.000000 3.226584 -3.210299 4.551578 1
32.800000 36.000000 10.824096 1.682818 10.954128 1
33.200000 36.000000 5.606433 1.518034 5.808315 1
33.600000 36.000000 4.509397 1.470967 4.743249 1
34.000000 36.000000 2.882789 0.546504 2.934133 1
34.400000 36.000000 2.019286 0.371640 2.053201 1
34.800000 36.000000 1.426021 0.195158 1.439313 1
35.200000 36.000000 0.514736 0.149580 0.536029 1
30.400000 36.400000 7.268710 -0.418709 7.280760 1
30.800000 36.400000 6.575138 -0.393800 6.586921 1
31.200000 36.400000 2.194710 -3.731211 4.328820 1
31.600000 36.400000 10.028959 -0.467551 10.039852 1
32.000000 36.400000 15.960493 2.010287 16.086597 1
32.400000 36.400000 3.800892 1.087185 3.953322 1
32.800000 36.400000 9.029495 0.664389 9.053905 1
33.200000 36.400000 4.955577 0.786900 5.017664 1
33.600000 36.400000 3.404893 -1.217606 3.616057 1
34.000000 36.400000 2.802333 0.229404 2.811707 1
34.400000 36.400000 2.043485 0.136388 2.048032 1
34.800000 36.400000 1.540024 -0.540531 1.632130 1
35.200000 36.400000 0.902134 -0.097470 0.907384 1
35.600000 36.400000 0.045108 -0.274064 0.277751 1
30.400000 36.800000 4.771055 -0.556034 4.803347 1
30.800000 36.800000 1.685911 -0.725078 1.835220 1
31.200000 36.800000 5.439837 -0.496142 5.462416 1
31.600000 36.800000 5.127952 -0.468617 5.149320 1
32.000000 36.800000 5.391999 -0.244035 5.397519 1
32.400000 36.800000 5.119888 0.257248 5.126346 1
32.800000 36.800000 4.798991 0.231115 4.804553 1
33.200000 36.800000 2.326206 0.642337 2.413261 1
33.600000 36.800000 2.164155 0.728655 2.283529 1
34.000000 36.800000 -0.098251 -0.935525 0.940670 1
30.800000 37.200000 2.666663 -0.815234 2.788494 1
31.200000 37.200000 0.236711 -1.072307 1.098123 1
31.600000 37.200000 0.140668 -0.577093 0.593990 1
32.000000 37.200000 1.428066 -0.047440 1.428854 1
32.400000 37.200000 3.792218 -0.034777 3.792378 1
32.800000 37.200000 2.338448 -0.607492 2.416068 1
31.200000 37.600000 0.104946 -1.250906 1.255300 1
