# OpenPIV export (PIVlab-like)
# pair_id: 31
# source: Basler_acA1440-220uc__40671380__20260302_175123196_0682.tiff - Basler_acA1440-220uc__40671380__20260302_175123196_0683.tiff
# DT_ms: 1.0
# LM_KERNEL: 1, LM_THRESH: 2.0, LM_EPS: 0.1
# KEEP_PERCENTILE: 90.0
# columns: x_mm y_mm u_mm_per_s v_mm_per_s speed_mm_per_s valid

28.400000 34.000000 0.377930 0.486559 0.616093 1
28.800000 34.000000 1.711450 0.167505 1.719627 1
29.200000 34.000000 1.252089 -0.531226 1.360120 1
28.800000 34.400000 0.793165 0.804436 1.129703 1
29.200000 34.400000 2.654172 0.095939 2.655905 1
29.600000 34.400000 1.209426 0.298755 1.245780 1
30.000000 34.400000 1.965231 0.911108 2.166161 1
29.200000 34.800000 3.123460 0.138136 3.126513 1
29.600000 34.800000 4.524390 -0.080512 4.525106 1
30.000000 34.800000 7.914546 -0.617653 7.938611 1
30.400000 34.800000 4.716992 -1.584501 4.976008 1
30.800000 34.800000 2.689881 -0.620751 2.760578 1
29.200000 35.200000 2.331275 -0.482645 2.380712 1
29.600000 35.200000 5.524792 0.076559 5.525323 1
30.000000 35.200000 11.162118 -0.620361 11.179344 1
30.400000 35.200000 12.260087 -0.773639 12.284472 1
30.800000 35.200000 32.349670 -2.779809 32.468885 1
31.200000 35.200000 2.869984 0.162290 2.874569 1
31.600000 35.200000 11.014493 -0.958318 11.056103 1
29.600000 35.600000 3.383634 0.287984 3.395867 1
30.000000 35.600000 6.894112 1.066490 6.976115 1
30.400000 35.600000 12.509440 -0.785591 12.534083 1
30.800000 35.600000 45.000994 -7.194786 45.572518 1
31.200000 35.600000 11.566863 -1.212744 11.630265 1
31.600000 35.600000 2.012448 1.499377 2.509597 1
32.000000 35.600000 1.598102 0.416914 1.651589 1
32.400000 35.600000 2.427227 -0.445822 2.467831 1
30.000000 36.000000 -0.130193 0.881033 0.890601 1
30.400000 36.000000 23.461808 1.613065 23.517194 1
30.800000 36.000000 63.154924 -4.454277 63.311808 1
31.200000 36.000000 10.541053 -1.015937 10.589897 1
31.600000 36.000000 8.972256 -1.061413 9.034820 1
32.000000 36.000000 3.128928 -0.550433 3.176975 1
32.400000 36.000000 2.039191 -0.288886 2.059552 1
32.800000 36.000000 0.888947 -0.024468 0.889283 1
30.400000 36.400000 0.319052 0.027891 0.320269 1
30.800000 36.400000 8.708722 -0.433598 8.719510 1
31.200000 36.400000 7.991462 -0.628870 8.016167 1
31.600000 36.400000 -13.318470 -6.337609 14.749473 1
32.000000 36.400000 2.464816 -0.377514 2.493558 1
32.400000 36.400000 1.136956 -0.353740 1.190715 1
32.800000 36.400000 1.447613 0.015826 1.447700 1
33.200000 36.400000 0.829126 -0.691635 1.079726 1
30.400000 36.800000 -1.042659 -0.416128 1.122631 1
30.800000 36.800000 1.374742 2.284325 2.666094 1
31.200000 36.800000 5.201873 -0.190481 5.205359 1
31.600000 36.800000 -0.633640 -0.745927 0.978727 1
32.000000 36.800000 1.906792 -0.304237 1.930911 1
32.400000 36.800000 1.088461 -0.347357 1.142543 1
32.800000 36.800000 1.470221 0.078244 1.472301 1
33.200000 36.800000 0.216436 1.472797 1.488615 1
33.600000 36.800000 1.018619 1.143745 1.531580 1
30.800000 37.200000 -0.634885 1.042148 1.220308 1
31.200000 37.200000 1.322811 3.768566 3.993986 1
31.600000 37.200000 1.185826 0.097877 1.189859 1
32.000000 37.200000 -2.260636 -0.868333 2.421668 1
32.400000 37.200000 5.644199 -0.251890 5.649817 1
32.800000 37.200000 3.323725 0.228367 3.331561 1
31.200000 37.600000 0.438395 0.743264 0.862920 1
