# OpenPIV export (PIVlab-like)
# pair_id: 39
# source: Basler_acA1440-220uc__40671380__20260302_175123196_0858.tiff - Basler_acA1440-220uc__40671380__20260302_175123196_0859.tiff
# DT_ms: 1.0
# LM_KERNEL: 1, LM_THRESH: 2.0, LM_EPS: 0.1
# KEEP_PERCENTILE: 90.0
# columns: x_mm y_mm u_mm_per_s v_mm_per_s speed_mm_per_s valid

26.400000 31.600000 3.136474 -0.325625 3.153332 1
26.800000 31.600000 4.077368 0.177130 4.081214 1
27.200000 31.600000 1.255215 0.321332 1.295692 1
27.600000 31.600000 2.026147 -1.707163 2.649467 1
26.800000 32.000000 3.134647 -0.564478 3.185066 1
27.200000 32.000000 2.654375 -0.949449 2.819071 1
27.600000 32.000000 2.428606 -2.005435 3.149587 1
28.000000 32.000000 -2.417122 0.423136 2.453879 1
28.400000 32.000000 1.942174 -3.423439 3.935984 1
28.800000 32.000000 0.000000 -0.707404 0.707404 1
29.200000 32.000000 1.990923 -3.024685 3.621117 1
27.200000 32.400000 4.342234 -0.571944 4.379739 1
27.600000 32.400000 2.461763 -2.293785 3.364778 1
28.000000 32.400000 2.299482 -3.357946 4.069818 1
28.400000 32.400000 4.228694 -14.665908 15.263378 1
28.800000 32.400000 2.313325 -4.192332 4.788228 1
29.200000 32.400000 1.323676 -1.313517 1.864791 1
29.600000 32.400000 0.501637 -0.597995 0.780537 1
30.000000 32.400000 -0.961921 -0.254239 0.994952 1
30.400000 32.400000 1.991689 0.815473 2.152167 1
30.800000 32.400000 0.871616 0.347899 0.938482 1
31.200000 32.400000 4.257145 -0.014984 4.257171 1
27.600000 32.800000 6.831193 -0.274603 6.836710 1
28.000000 32.800000 2.573942 -3.425443 4.284722 1
28.400000 32.800000 2.549667 -4.149769 4.870460 1
28.800000 32.800000 4.508923 -16.878372 17.470256 1
29.200000 32.800000 5.477197 -2.858818 6.178392 1
29.600000 32.800000 6.583466 -0.976240 6.655454 1
30.000000 32.800000 7.269922 1.444312 7.412004 1
30.400000 32.800000 8.231501 2.685123 8.658377 1
30.800000 32.800000 7.193690 2.674726 7.674851 1
31.200000 32.800000 7.012696 2.220451 7.355835 1
31.600000 32.800000 5.594912 0.093410 5.595692 1
32.000000 32.800000 1.453937 0.829069 1.673705 1
32.400000 32.800000 2.426526 -0.406578 2.460352 1
32.800000 32.800000 2.988152 -1.481072 3.335060 1
27.600000 33.200000 -0.569022 -0.210452 0.606693 1
28.000000 33.200000 1.767022 -4.713364 5.033704 1
28.400000 33.200000 2.993570 -3.793161 4.832135 1
28.800000 33.200000 5.155785 -3.279917 6.110644 1
29.200000 33.200000 -2.317187 -15.897759 16.065742 1
29.600000 33.200000 9.115362 0.123383 9.116197 1
30.000000 33.200000 10.596960 3.064205 11.031088 1
30.400000 33.200000 13.993806 7.931838 16.085418 1
30.800000 33.200000 11.682358 2.900794 12.037113 1
31.200000 33.200000 10.002106 1.645500 10.136557 1
31.600000 33.200000 9.192884 0.503405 9.206657 1
32.000000 33.200000 9.419778 -1.459565 9.532185 1
32.400000 33.200000 8.067478 -1.511706 8.207890 1
32.800000 33.200000 7.804972 -1.285568 7.910138 1
33.200000 33.200000 2.825805 -1.300385 3.110655 1
33.600000 33.200000 4.212332 -0.666641 4.264757 1
34.000000 33.200000 0.392627 -0.348329 0.524870 1
34.400000 33.200000 1.696889 0.349753 1.732558 1
34.800000 33.200000 3.260430 0.071584 3.261216 1
28.000000 33.600000 2.005870 -2.316091 3.063950 1
28.400000 33.600000 2.573387 -2.276664 3.435916 1
28.800000 33.600000 5.080791 -1.687314 5.353640 1
29.200000 33.600000 7.281987 0.050735 7.282164 1
29.600000 33.600000 40.115916 5.379610 40.475016 1
30.000000 33.600000 12.463962 4.290515 13.181763 1
30.400000 33.600000 14.400452 4.292257 15.026526 1
30.800000 33.600000 10.367458 24.351180 26.466283 1
31.200000 33.600000 12.019138 1.736408 12.143920 1
31.600000 33.600000 10.795571 0.150734 10.796624 1
32.000000 33.600000 9.626506 -1.953598 9.822737 1
32.400000 33.600000 8.374304 -2.075027 8.627555 1
32.800000 33.600000 8.341977 -1.810894 8.536271 1
33.200000 33.600000 8.915530 -1.666811 9.070002 1
33.600000 33.600000 8.733294 -1.112645 8.803886 1
34.000000 33.600000 6.985226 -0.810086 7.032042 1
34.400000 33.600000 6.047000 -0.234628 6.051550 1
34.800000 33.600000 1.193590 0.212349 1.212332 1
35.200000 33.600000 -0.171891 -0.328872 0.371084 1
35.600000 33.600000 -0.265364 -0.028949 0.266939 1
36.000000 33.600000 1.045134 0.009957 1.045181 1
36.400000 33.600000 4.069062 0.695886 4.128138 1
28.400000 34.000000 1.727224 -0.718730 1.870796 1
28.800000 34.000000 1.206988 -1.800766 2.167851 1
29.200000 34.000000 8.471929 4.679246 9.678271 1
29.600000 34.000000 7.873318 2.557784 8.278369 1
30.000000 34.000000 39.435669 11.506460 41.080051 1
30.400000 34.000000 13.546159 4.032157 14.133532 1
30.800000 34.000000 24.099946 12.870462 27.321350 1
31.200000 34.000000 30.820744 -11.975557 33.065575 1
31.600000 34.000000 18.019240 -8.568831 19.952891 1
32.000000 34.000000 2.902610 -7.829497 8.350220 1
32.400000 34.000000 8.979193 -2.638093 9.358709 1
32.800000 34.000000 37.309649 0.793282 37.318082 1
33.200000 34.000000 11.098826 -2.061760 11.288702 1
33.600000 34.000000 21.777254 1.382554 21.821096 1
34.000000 34.000000 9.927441 -1.099358 9.988126 1
34.400000 34.000000 8.723416 -0.448897 8.734958 1
34.800000 34.000000 7.317114 -0.149897 7.318649 1
35.200000 34.000000 5.670937 2.733972 6.295564 1
35.600000 34.000000 6.728640 0.826477 6.779208 1
36.000000 34.000000 2.804511 1.814944 3.340554 1
36.400000 34.000000 5.283574 2.247226 5.741619 1
36.800000 34.000000 6.744654 1.003294 6.818867 1
37.200000 34.000000 2.475478 0.020862 2.475566 1
37.600000 34.000000 2.484663 -1.058282 2.700650 1
28.800000 34.400000 -4.270597 1.489682 4.522958 1
29.200000 34.400000 3.890174 8.588726 9.428662 1
29.600000 34.400000 6.636433 3.126968 7.336223 1
30.000000 34.400000 -7.671700 9.735056 12.394607 1
30.400000 34.400000 4.985150 6.397440 8.110423 1
30.800000 34.400000 42.005296 1.439179 42.029943 1
31.200000 34.400000 9.864688 -0.264962 9.868246 1
31.600000 34.400000 9.553282 -1.562919 9.680285 1
32.000000 34.400000 0.170053 -2.017630 2.024784 1
32.400000 34.400000 -3.081420 -6.051435 6.790804 1
32.800000 34.400000 9.782477 -2.988992 10.228926 1
33.200000 34.400000 11.536739 -2.458427 11.795771 1
33.600000 34.400000 12.454826 -1.864304 12.593582 1
34.000000 34.400000 16.437905 -6.300985 17.604179 1
34.400000 34.400000 2.040071 1.035384 2.287774 1
34.800000 34.400000 9.709839 -0.051431 9.709976 1
35.200000 34.400000 7.308975 2.507120 7.727015 1
35.600000 34.400000 9.544373 1.186497 9.617839 1
36.000000 34.400000 9.151075 1.315244 9.245109 1
36.400000 34.400000 9.071996 1.014921 9.128591 1
36.800000 34.400000 7.133192 0.884321 7.187799 1
37.200000 34.400000 4.906173 0.479505 4.929549 1
37.600000 34.400000 3.934375 -0.214382 3.940211 1
38.000000 34.400000 1.337910 0.592878 1.463389 1
38.400000 34.400000 -0.406030 1.345524 1.405452 1
29.200000 34.800000 0.485060 4.277751 4.305164 1
29.600000 34.800000 3.558797 2.875981 4.575621 1
30.000000 34.800000 0.868056 0.410237 0.960112 1
30.400000 34.800000 -2.643649 -1.866733 3.236290 1
30.800000 34.800000 9.414228 0.312069 9.419399 1
31.200000 34.800000 5.146898 0.519028 5.173002 1
31.600000 34.800000 2.559928 -2.819061 3.807931 1
32.000000 34.800000 0.719260 -3.560715 3.632633 1
32.400000 34.800000 7.449676 -3.528395 8.243012 1
32.800000 34.800000 9.028077 -2.987318 9.509482 1
33.200000 34.800000 11.111807 -2.468100 11.382608 1
33.600000 34.800000 29.878118 -2.881832 30.016777 1
34.000000 34.800000 11.780389 -1.418773 11.865516 1
34.400000 34.800000 23.179845 -2.723979 23.339350 1
34.800000 34.800000 11.198200 0.144254 11.199129 1
35.200000 34.800000 2.197846 0.288908 2.216753 1
35.600000 34.800000 24.256880 -0.506264 24.262163 1
36.000000 34.800000 28.194137 2.968360 28.349965 1
36.400000 34.800000 9.096854 0.952881 9.146624 1
36.800000 34.800000 6.791854 0.705989 6.828448 1
37.200000 34.800000 8.024510 -3.201445 8.639561 1
37.600000 34.800000 5.013385 4.037926 6.437304 1
38.000000 34.800000 3.136758 0.143038 3.140017 1
38.400000 34.800000 2.399848 0.201836 2.408320 1
38.800000 34.800000 1.740678 0.023461 1.740836 1
39.200000 34.800000 1.242443 -0.068168 1.244312 1
29.200000 35.200000 -0.239102 1.162125 1.186467 1
29.600000 35.200000 -1.114903 2.045287 2.329422 1
30.000000 35.200000 3.456340 -0.579785 3.504631 1
30.400000 35.200000 4.506137 1.182870 4.658804 1
30.800000 35.200000 5.296466 0.308066 5.305417 1
31.200000 35.200000 2.412487 -4.398330 5.016512 1
31.600000 35.200000 2.885005 -9.334228 9.769906 1
32.000000 35.200000 0.971945 -8.644219 8.698690 1
32.400000 35.200000 5.030650 -2.621427 5.672681 1
32.800000 35.200000 6.168121 -2.672099 6.722041 1
33.200000 35.200000 8.097148 -2.349592 8.431156 1
33.600000 35.200000 2.736084 -5.925028 6.526264 1
34.000000 35.200000 10.348227 -1.221799 10.420105 1
34.400000 35.200000 10.143547 -0.617247 10.162309 1
34.800000 35.200000 10.852533 0.261342 10.855679 1
35.200000 35.200000 10.537477 0.261771 10.540728 1
35.600000 35.200000 26.054759 4.793673 26.492070 1
36.000000 35.200000 26.987129 5.228215 27.488895 1
36.400000 35.200000 8.577398 0.733712 8.608722 1
36.800000 35.200000 6.311395 0.532828 6.333846 1
37.200000 35.200000 3.939532 0.221215 3.945738 1
37.600000 35.200000 3.673947 0.187854 3.678746 1
38.000000 35.200000 3.219327 0.128707 3.221898 1
38.400000 35.200000 6.935816 -1.248595 7.047307 1
38.800000 35.200000 1.869840 -0.078236 1.871476 1
39.200000 35.200000 -0.022294 -0.835167 0.835465 1
39.600000 35.200000 -0.141890 -0.140025 0.199349 1
29.600000 35.600000 -0.852330 1.463265 1.693402 1
30.000000 35.600000 1.558801 0.839589 1.770528 1
30.400000 35.600000 2.349203 0.435191 2.389173 1
30.800000 35.600000 3.108127 -0.269617 3.119799 1
31.200000 35.600000 5.273761 1.096052 5.386454 1
31.600000 35.600000 3.497470 -1.634768 3.860669 1
32.000000 35.600000 3.593171 -1.777137 4.008627 1
32.400000 35.600000 4.107571 -2.078734 4.603615 1
32.800000 35.600000 5.164105 -2.113100 5.579711 1
33.200000 35.600000 6.673271 -1.520607 6.844325 1
33.600000 35.600000 8.049612 -1.187602 8.136747 1
34.000000 35.600000 8.634520 -0.891157 8.680386 1
34.400000 35.600000 13.453848 0.121071 13.454392 1
34.800000 35.600000 9.252399 0.253164 9.255862 1
35.200000 35.600000 10.188120 0.707982 10.212689 1
35.600000 35.600000 8.776451 3.499252 9.448326 1
36.000000 35.600000 6.185991 -1.117858 6.286183 1
36.400000 35.600000 -4.701815 -1.470422 4.926378 1
36.800000 35.600000 -0.198105 -0.789794 0.814260 1
37.200000 35.600000 3.197078 0.088957 3.198315 1
37.600000 35.600000 3.059367 0.890280 3.186271 1
38.000000 35.600000 3.225984 0.015538 3.226021 1
38.400000 35.600000 2.712970 0.060915 2.713654 1
30.000000 36.000000 -0.125020 1.666481 1.671164 1
30.400000 36.000000 4.071852 0.886776 4.167295 1
30.800000 36.000000 2.521014 -0.129664 2.524346 1
31.200000 36.000000 6.520683 0.786506 6.567945 1
31.600000 36.000000 10.652523 4.804117 11.685709 1
32.000000 36.000000 1.420726 -2.265908 2.674472 1
32.400000 36.000000 0.790235 -1.954595 2.108296 1
32.800000 36.000000 2.790506 2.178235 3.540005 1
33.200000 36.000000 4.121593 -0.920326 4.223095 1
33.600000 36.000000 3.387284 -0.038224 3.387500 1
34.000000 36.000000 5.559757 -0.532117 5.585163 1
34.400000 36.000000 5.748618 -0.229784 5.753209 1
34.800000 36.000000 6.601737 3.969481 7.703227 1
35.200000 36.000000 7.005062 0.728624 7.042854 1
35.600000 36.000000 5.910620 0.758267 5.959060 1
36.000000 36.000000 1.972834 0.144664 1.978131 1
36.400000 36.000000 -0.676624 -0.162829 0.695941 1
36.800000 36.000000 1.669215 -0.202768 1.681486 1
30.400000 36.400000 -0.355261 -0.989337 1.051188 1
30.800000 36.400000 1.811140 0.322312 1.839595 1
31.200000 36.400000 0.951205 1.631475 1.888519 1
31.600000 36.400000 1.714523 -0.217259 1.728233 1
32.000000 36.400000 -1.975609 -2.504966 3.190280 1
32.400000 36.400000 2.426600 -2.198540 3.274442 1
32.800000 36.400000 0.889350 2.825355 2.962022 1
33.200000 36.400000 2.835143 -0.194904 2.841835 1
33.600000 36.400000 3.594814 -0.087383 3.595876 1
34.000000 36.400000 4.033960 -0.113587 4.035559 1
34.400000 36.400000 0.765860 -1.137285 1.371116 1
34.800000 36.400000 0.203295 -0.397497 0.446467 1
35.200000 36.400000 0.707444 0.086214 0.712677 1
35.600000 36.400000 0.135982 -0.256929 0.290695 1
30.400000 36.800000 -0.772958 0.171468 0.791748 1
30.800000 36.800000 -0.241991 0.496813 0.552615 1
31.200000 36.800000 1.014294 0.077033 1.017215 1
31.600000 36.800000 0.422025 -1.046614 1.128497 1
32.000000 36.800000 -1.946307 0.788317 2.099894 1
32.400000 36.800000 -1.262451 0.547908 1.376222 1
32.800000 36.800000 1.046768 1.356104 1.713108 1
33.200000 36.800000 4.380329 -0.270424 4.388668 1
33.600000 36.800000 3.219273 -0.275290 3.231022 1
34.000000 36.800000 0.121293 -0.295919 0.319812 1
30.800000 37.200000 0.224883 -0.402490 0.461054 1
31.200000 37.200000 0.324515 -1.352713 1.391094 1
31.600000 37.200000 0.008067 0.011723 0.014231 1
32.000000 37.200000 -0.007528 0.227570 0.227695 1
32.400000 37.200000 -1.012848 1.883287 2.138372 1
32.800000 37.200000 -0.859569 0.247883 0.894598 1
31.200000 37.600000 -0.285484 0.337101 0.441745 1
