# OpenPIV export (PIVlab-like)
# pair_id: 38
# source: Basler_acA1440-220uc__40671380__20260302_175123196_0836.tiff - Basler_acA1440-220uc__40671380__20260302_175123196_0837.tiff
# DT_ms: 1.0
# LM_KERNEL: 1, LM_THRESH: 2.0, LM_EPS: 0.1
# KEEP_PERCENTILE: 90.0
# columns: x_mm y_mm u_mm_per_s v_mm_per_s speed_mm_per_s valid

26.800000 32.000000 0.331203 -0.110689 0.349210 1
27.200000 32.400000 0.476183 -0.992027 1.100394 1
27.600000 32.400000 2.969874 -0.447196 3.003354 1
28.000000 32.400000 4.670925 0.476505 4.695167 1
28.400000 32.400000 7.975096 0.571908 7.995576 1
28.800000 32.400000 -0.860615 -0.355890 0.931297 1
29.200000 32.400000 -2.148481 -1.216573 2.469012 1
29.600000 32.400000 20.999745 0.185040 21.000560 1
30.000000 32.400000 3.752229 1.076354 3.903558 1
27.600000 32.800000 2.981159 0.068451 2.981944 1
28.000000 32.800000 6.713025 0.629614 6.742486 1
28.400000 32.800000 9.313281 0.571566 9.330803 1
28.800000 32.800000 11.910430 0.736013 11.933149 1
29.200000 32.800000 13.012140 0.707902 13.031382 1
29.600000 32.800000 13.401636 0.818885 13.426631 1
30.000000 32.800000 11.615463 -2.003649 11.787009 1
30.400000 32.800000 2.390348 1.016593 2.597542 1
30.800000 32.800000 0.659141 1.096453 1.279326 1
31.200000 32.800000 3.738829 0.954197 3.858670 1
31.600000 32.800000 1.512032 0.727163 1.677798 1
32.000000 32.800000 0.489661 0.885299 1.011693 1
27.600000 33.200000 0.607158 -0.236038 0.651425 1
28.000000 33.200000 6.283278 0.693006 6.321379 1
28.400000 33.200000 10.005871 0.639011 10.026255 1
28.800000 33.200000 63.487476 10.973362 64.428832 1
29.200000 33.200000 14.291130 0.850064 14.316389 1
29.600000 33.200000 15.221749 1.038788 15.257153 1
30.000000 33.200000 12.734479 0.842541 12.762320 1
30.400000 33.200000 9.917699 1.288100 10.000997 1
30.800000 33.200000 7.520320 1.298322 7.631569 1
31.200000 33.200000 6.121612 1.568605 6.319387 1
31.600000 33.200000 5.323635 1.453740 5.518555 1
32.000000 33.200000 3.885821 1.627744 4.212975 1
32.400000 33.200000 1.004243 1.009027 1.423601 1
32.800000 33.200000 1.220804 0.512703 1.324095 1
33.200000 33.200000 4.355553 -0.256695 4.363111 1
33.600000 33.200000 2.733257 -0.247601 2.744449 1
34.000000 33.200000 16.716367 -0.301787 16.719091 1
28.000000 33.600000 1.540570 0.319435 1.573339 1
28.400000 33.600000 -4.167970 0.517367 4.199958 1
28.800000 33.600000 13.408159 1.207447 13.462417 1
29.200000 33.600000 37.576766 -3.121018 37.706154 1
29.600000 33.600000 16.876359 1.586122 16.950731 1
30.000000 33.600000 14.536423 1.463750 14.609933 1
30.400000 33.600000 11.427276 2.025293 11.605363 1
30.800000 33.600000 9.343937 1.760218 9.508287 1
31.200000 33.600000 7.649642 2.084327 7.928521 1
31.600000 33.600000 6.977534 2.115661 7.291228 1
32.000000 33.600000 7.034405 1.219183 7.139276 1
32.400000 33.600000 7.213810 1.062161 7.291587 1
32.800000 33.600000 9.738566 -7.348905 12.200249 1
33.200000 33.600000 8.644295 0.577899 8.663591 1
33.600000 33.600000 9.445058 0.014122 9.445068 1
34.000000 33.600000 9.736158 0.627465 9.756356 1
34.400000 33.600000 11.570217 -0.913679 11.606236 1
34.800000 33.600000 0.388194 -0.417299 0.569941 1
35.200000 33.600000 0.101102 -0.378622 0.391888 1
28.400000 34.000000 -3.558797 0.290164 3.570606 1
28.800000 34.000000 4.766173 -0.172927 4.769309 1
29.200000 34.000000 35.279826 0.539805 35.283956 1
29.600000 34.000000 15.748373 1.648186 15.834386 1
30.000000 34.000000 14.112405 1.754337 14.221030 1
30.400000 34.000000 11.619222 2.656288 11.918984 1
30.800000 34.000000 10.430867 2.774576 10.793575 1
31.200000 34.000000 9.509947 3.241451 10.047193 1
31.600000 34.000000 9.242273 0.518991 9.256833 1
32.000000 34.000000 9.518725 5.263391 10.877013 1
32.400000 34.000000 9.213039 1.679299 9.364834 1
32.800000 34.000000 11.366298 -8.205383 14.018596 1
33.200000 34.000000 9.940545 0.838503 9.975847 1
33.600000 34.000000 10.396548 0.426870 10.405308 1
34.000000 34.000000 11.078642 1.253378 11.149317 1
34.400000 34.000000 14.158383 1.188983 14.208219 1
34.800000 34.000000 14.149699 1.799420 14.263656 1
35.200000 34.000000 13.762223 2.883859 14.061132 1
35.600000 34.000000 1.624486 1.005095 1.910280 1
36.000000 34.000000 3.042604 1.478135 3.382650 1
36.400000 34.000000 4.051774 0.361407 4.067861 1
28.800000 34.400000 -0.191145 1.085865 1.102560 1
29.200000 34.400000 9.893021 0.858509 9.930201 1
29.600000 34.400000 22.959698 5.660079 23.647077 1
30.000000 34.400000 22.104645 4.496900 22.557425 1
30.400000 34.400000 14.646560 1.686502 14.743337 1
30.800000 34.400000 9.418665 3.892468 10.191298 1
31.200000 34.400000 9.439802 5.902818 11.133424 1
31.600000 34.400000 12.325762 -0.514560 12.336498 1
32.000000 34.400000 12.957182 5.454753 14.058553 1
32.400000 34.400000 12.853942 5.365256 13.928740 1
32.800000 34.400000 11.464814 3.678161 12.040383 1
33.200000 34.400000 11.344380 9.305736 14.672821 1
33.600000 34.400000 17.259016 4.556187 17.850279 1
34.000000 34.400000 11.941284 1.995059 12.106796 1
34.400000 34.400000 11.988613 -4.043288 12.652076 1
34.800000 34.400000 16.195331 2.994407 16.469828 1
35.200000 34.400000 16.097940 4.377569 16.682529 1
35.600000 34.400000 16.075584 8.064374 17.984952 1
36.000000 34.400000 17.626058 11.537506 21.066371 1
36.400000 34.400000 14.507212 12.880876 19.400417 1
36.800000 34.400000 3.980726 0.238627 3.987872 1
37.200000 34.400000 1.934835 -0.366495 1.969239 1
37.600000 34.400000 9.322935 8.546572 12.647570 1
29.200000 34.800000 0.215232 -0.965729 0.989422 1
29.600000 34.800000 4.124332 -1.185557 4.291348 1
30.000000 34.800000 5.635653 0.992197 5.722328 1
30.400000 34.800000 9.377318 3.114403 9.880971 1
30.800000 34.800000 11.719231 6.579033 13.439645 1
31.200000 34.800000 5.669368 7.836941 9.672610 1
31.600000 34.800000 13.546328 7.935447 15.699501 1
32.000000 34.800000 13.189957 6.965313 14.916118 1
32.400000 34.800000 20.926214 -0.556158 20.933603 1
32.800000 34.800000 6.446110 -1.475417 6.612805 1
33.200000 34.800000 9.775244 2.935871 10.206602 1
33.600000 34.800000 10.580322 1.947303 10.758030 1
34.000000 34.800000 12.027732 2.569231 12.299077 1
34.400000 34.800000 16.185144 2.648718 16.400445 1
34.800000 34.800000 17.891749 3.885566 18.308804 1
35.200000 34.800000 83.906472 4.893253 84.049034 1
35.600000 34.800000 18.801948 9.812317 21.208367 1
36.000000 34.800000 21.744439 14.435688 26.099994 1
36.400000 34.800000 6.577495 33.625087 34.262369 1
36.800000 34.800000 41.242081 44.032328 60.330383 1
37.200000 34.800000 13.580573 13.024461 18.816710 1
37.600000 34.800000 1.220135 1.007221 1.582158 1
38.000000 34.800000 4.625684 4.270015 6.295235 1
38.400000 34.800000 0.442167 0.818115 0.929959 1
29.200000 35.200000 4.420711 0.877630 4.506986 1
29.600000 35.200000 0.840203 -0.139404 0.851690 1
30.000000 35.200000 6.746708 2.197405 7.095538 1
30.400000 35.200000 7.517106 3.045752 8.110702 1
30.800000 35.200000 9.753007 5.004472 10.962020 1
31.200000 35.200000 6.851562 0.064850 6.851869 1
31.600000 35.200000 48.927749 41.193878 63.959833 1
32.000000 35.200000 46.971022 43.839041 64.250591 1
32.400000 35.200000 10.129775 6.319384 11.939303 1
32.800000 35.200000 3.908080 1.518383 4.192681 1
33.200000 35.200000 -3.647040 3.469816 5.033937 1
33.600000 35.200000 9.091433 2.391445 9.400700 1
34.000000 35.200000 16.534093 7.560645 18.180747 1
34.400000 35.200000 22.390407 -0.496316 22.395907 1
34.800000 35.200000 17.342073 4.444436 17.902528 1
35.200000 35.200000 17.976363 6.216674 19.020953 1
35.600000 35.200000 19.031177 10.708408 21.837026 1
36.000000 35.200000 10.546362 16.336430 19.444914 1
36.400000 35.200000 45.198486 39.237745 59.854020 1
36.800000 35.200000 45.362854 41.682798 61.605553 1
37.200000 35.200000 25.711590 25.911490 36.503304 1
37.600000 35.200000 10.317348 9.152943 13.792173 1
38.000000 35.200000 4.906293 4.478992 6.643273 1
38.400000 35.200000 2.767405 2.456697 3.700525 1
38.800000 35.200000 1.683130 1.384149 2.179173 1
39.200000 35.200000 0.576034 -0.565275 0.807064 1
29.600000 35.600000 2.758702 0.969387 2.924064 1
30.000000 35.600000 -0.700003 1.003374 1.223423 1
30.400000 35.600000 4.758305 2.511352 5.380368 1
30.800000 35.600000 7.497942 4.716100 8.857807 1
31.200000 35.600000 10.060831 6.376397 11.911287 1
31.600000 35.600000 10.515896 6.498122 12.361620 1
32.000000 35.600000 9.628125 5.720972 11.199568 1
32.400000 35.600000 5.717552 13.646903 14.796228 1
32.800000 35.600000 7.153616 3.731596 8.068397 1
33.200000 35.600000 -2.085436 4.226479 4.712978 1
33.600000 35.600000 10.439423 3.984962 11.174143 1
34.000000 35.600000 9.473366 0.323968 9.478904 1
34.400000 35.600000 14.379252 2.963349 14.681428 1
34.800000 35.600000 9.771425 2.173260 10.010185 1
35.200000 35.600000 19.000891 3.456527 19.312728 1
35.600000 35.600000 18.759678 14.200238 23.528117 1
36.000000 35.600000 20.159177 14.129962 24.618048 1
36.400000 35.600000 17.394242 15.712672 23.440301 1
36.800000 35.600000 50.482050 35.884922 61.936783 1
37.200000 35.600000 1.198107 0.241372 1.222179 1
37.600000 35.600000 -1.242854 -0.413639 1.309879 1
38.000000 35.600000 1.713922 0.380677 1.755689 1
38.400000 35.600000 -0.165046 1.706844 1.714805 1
30.000000 36.000000 -1.387799 1.135438 1.793099 1
30.400000 36.000000 3.432099 2.028347 3.986665 1
30.800000 36.000000 5.825204 3.837696 6.975737 1
31.200000 36.000000 5.970111 2.504714 6.474243 1
31.600000 36.000000 1.812857 -0.794279 1.979225 1
32.000000 36.000000 1.584903 -10.629865 10.747370 1
32.400000 36.000000 -0.087222 -4.816287 4.817077 1
32.800000 36.000000 -3.560558 -1.633347 3.917320 1
33.200000 36.000000 3.797802 2.194243 4.386115 1
33.600000 36.000000 5.044351 1.709221 5.326060 1
34.000000 36.000000 6.147721 1.949562 6.449439 1
34.400000 36.000000 8.187069 2.093581 8.450513 1
34.800000 36.000000 9.137717 3.165751 9.670566 1
35.200000 36.000000 9.458522 4.307853 10.393326 1
35.600000 36.000000 7.699303 10.029575 12.644035 1
36.000000 36.000000 1.162033 0.151741 1.171899 1
36.400000 36.000000 14.316782 11.812653 18.560954 1
36.800000 36.000000 -0.178293 -0.411057 0.448058 1
30.400000 36.400000 2.169630 1.865782 2.861544 1
30.800000 36.400000 2.667331 2.101460 3.395701 1
31.200000 36.400000 3.454478 1.924555 3.954407 1
31.600000 36.400000 2.353543 0.792402 2.483358 1
32.000000 36.400000 2.961788 1.631496 3.381415 1
32.400000 36.400000 2.269253 1.406933 2.670013 1
32.800000 36.400000 2.354355 1.314056 2.696244 1
33.200000 36.400000 2.482086 1.435756 2.867429 1
33.600000 36.400000 3.298361 1.218831 3.516353 1
34.000000 36.400000 3.874733 1.335551 4.098445 1
34.400000 36.400000 2.437263 -0.693693 2.534060 1
34.800000 36.400000 -1.033094 0.269531 1.067676 1
35.200000 36.400000 0.651746 -0.724708 0.974666 1
35.600000 36.400000 0.590682 -1.288076 1.417055 1
30.400000 36.800000 0.543601 0.550441 0.773620 1
30.800000 36.800000 1.217611 1.805517 2.177721 1
31.200000 36.800000 1.799951 1.064780 2.091311 1
31.600000 36.800000 1.670935 0.722091 1.820285 1
32.000000 36.800000 4.209467 3.341470 5.374480 1
32.400000 36.800000 1.126857 0.204946 1.145342 1
32.800000 36.800000 1.221499 0.188570 1.235968 1
33.200000 36.800000 -0.334658 0.102585 0.350028 1
33.600000 36.800000 -0.291364 0.810069 0.860875 1
34.000000 36.800000 1.839786 0.555406 1.921793 1
30.800000 37.200000 -0.349806 1.206279 1.255975 1
31.200000 37.200000 0.496144 1.989096 2.050040 1
31.600000 37.200000 0.725917 3.036268 3.121839 1
32.000000 37.200000 0.472596 1.247384 1.333909 1
32.400000 37.200000 -0.315599 0.494018 0.586222 1
32.800000 37.200000 0.609637 0.422429 0.741690 1
31.200000 37.600000 0.017533 0.657852 0.658086 1
