# OpenPIV export (PIVlab-like)
# pair_id: 37
# source: Basler_acA1440-220uc__40671380__20260302_175123196_0814.tiff - Basler_acA1440-220uc__40671380__20260302_175123196_0815.tiff
# DT_ms: 1.0
# LM_KERNEL: 1, LM_THRESH: 2.0, LM_EPS: 0.1
# KEEP_PERCENTILE: 90.0
# columns: x_mm y_mm u_mm_per_s v_mm_per_s speed_mm_per_s valid

27.200000 32.000000 1.289394 -1.403949 1.906203 1
27.600000 32.000000 1.185579 -0.471626 1.275942 1
28.000000 32.000000 1.280806 -0.543878 1.391498 1
27.200000 32.400000 0.237439 -1.441773 1.461193 1
27.600000 32.400000 1.185710 -0.272693 1.216664 1
28.000000 32.400000 1.212324 -0.049343 1.213328 1
28.400000 32.400000 0.885676 -0.221827 0.913033 1
28.800000 32.400000 2.188227 0.490998 2.242636 1
29.200000 32.400000 3.995384 2.458754 4.691328 1
29.600000 32.400000 8.124676 0.728904 8.157307 1
27.600000 32.800000 1.207289 -0.130163 1.214285 1
28.000000 32.800000 1.690751 1.240673 2.097119 1
28.400000 32.800000 2.413275 1.930746 3.090579 1
28.800000 32.800000 3.611281 2.523760 4.405760 1
29.200000 32.800000 4.432843 2.978457 5.340534 1
29.600000 32.800000 5.296338 3.140953 6.157661 1
30.000000 32.800000 5.734712 2.272985 6.168742 1
30.400000 32.800000 7.146068 1.490854 7.299926 1
30.800000 32.800000 2.035250 -0.098699 2.037642 1
31.200000 32.800000 0.590744 -0.283340 0.655179 1
27.600000 33.200000 -0.449736 0.238426 0.509027 1
28.000000 33.200000 3.065409 -0.429017 3.095284 1
28.400000 33.200000 2.512142 1.689113 3.027203 1
28.800000 33.200000 2.984343 22.945603 23.138864 1
29.200000 33.200000 4.638533 2.835064 5.436320 1
29.600000 33.200000 5.709261 3.265638 6.577237 1
30.000000 33.200000 6.514231 2.842335 7.107325 1
30.400000 33.200000 7.163685 3.229251 7.857890 1
30.800000 33.200000 7.341473 3.298451 8.048416 1
31.200000 33.200000 7.726751 3.705576 8.569362 1
31.600000 33.200000 0.487072 0.439818 0.656261 1
32.000000 33.200000 0.804729 0.409636 0.902990 1
32.400000 33.200000 2.191362 -0.891794 2.365875 1
32.800000 33.200000 3.688914 -0.688317 3.752581 1
28.000000 33.600000 0.960491 -0.757713 1.223385 1
28.400000 33.600000 2.792383 1.607618 3.222086 1
28.800000 33.600000 4.037738 2.340137 4.666859 1
29.200000 33.600000 5.087106 2.609000 5.717126 1
29.600000 33.600000 10.139250 5.412291 11.493359 1
30.000000 33.600000 7.603088 3.301689 8.289034 1
30.400000 33.600000 9.028128 4.337565 10.016065 1
30.800000 33.600000 10.112280 4.995793 11.279014 1
31.200000 33.600000 12.028595 6.818349 13.826676 1
31.600000 33.600000 11.744942 2.719605 12.055700 1
32.000000 33.600000 14.182774 8.421450 16.494602 1
32.400000 33.600000 14.299866 7.538282 16.165143 1
32.800000 33.600000 5.186591 -0.024254 5.186648 1
33.200000 33.600000 13.450976 3.309311 13.852086 1
33.600000 33.600000 2.742804 -0.704895 2.831935 1
34.000000 33.600000 1.359676 -0.703352 1.530824 1
34.400000 33.600000 2.069114 0.247286 2.083838 1
28.400000 34.000000 2.771877 -1.185646 3.014806 1
28.800000 34.000000 3.055456 -2.720493 4.091075 1
29.200000 34.000000 4.007483 -0.589187 4.050563 1
29.600000 34.000000 6.390324 3.530621 7.300789 1
30.000000 34.000000 8.645169 4.139582 9.585149 1
30.400000 34.000000 11.253354 5.940314 12.724987 1
30.800000 34.000000 13.148045 7.278682 15.028317 1
31.200000 34.000000 16.223073 10.274834 19.203133 1
31.600000 34.000000 20.172447 12.051750 23.498346 1
32.000000 34.000000 18.288774 11.297037 21.496565 1
32.400000 34.000000 50.984743 30.069759 59.191506 1
32.800000 34.000000 17.708621 7.352973 19.174501 1
33.200000 34.000000 16.242219 3.298267 16.573722 1
33.600000 34.000000 12.182327 0.668376 12.200648 1
34.000000 34.000000 12.160162 -0.189004 12.161631 1
34.400000 34.000000 4.044108 1.034568 4.174343 1
34.800000 34.000000 0.675280 1.537572 1.679324 1
35.200000 34.000000 0.057180 1.580072 1.581107 1
35.600000 34.000000 1.770966 0.272310 1.791779 1
28.800000 34.400000 4.047670 0.501671 4.078641 1
29.200000 34.400000 5.911046 1.004057 5.995714 1
29.600000 34.400000 9.695678 2.971088 10.140687 1
30.000000 34.400000 9.920640 -4.285584 10.806726 1
30.400000 34.400000 8.442095 7.503688 11.294880 1
30.800000 34.400000 19.747532 10.747654 22.482818 1
31.200000 34.400000 23.346930 14.205259 27.328895 1
31.600000 34.400000 25.139747 15.791206 29.687860 1
32.000000 34.400000 45.138113 29.438371 53.889395 1
32.400000 34.400000 42.559589 26.615361 50.196574 1
32.800000 34.400000 -0.656440 15.125351 15.139589 1
33.200000 34.400000 18.126495 3.591843 18.478938 1
33.600000 34.400000 47.021783 -14.253839 49.134713 1
34.000000 34.400000 30.491575 -5.282209 30.945724 1
34.400000 34.400000 15.163312 7.322558 16.838820 1
34.800000 34.400000 8.592167 1.146289 8.668293 1
35.200000 34.400000 5.607496 2.186577 6.018732 1
35.600000 34.400000 5.052644 0.688375 5.099321 1
36.000000 34.400000 2.504900 0.765571 2.619279 1
36.400000 34.400000 1.238041 1.011354 1.598619 1
29.200000 34.800000 1.893005 -0.013882 1.893055 1
29.600000 34.800000 9.729212 2.404188 10.021861 1
30.000000 34.800000 13.638375 4.488935 14.358127 1
30.400000 34.800000 1.484653 12.059656 12.150700 1
30.800000 34.800000 22.494442 11.020821 25.049120 1
31.200000 34.800000 26.243923 14.689557 30.075349 1
31.600000 34.800000 27.245319 16.273664 31.735462 1
32.000000 34.800000 41.519044 32.835055 52.933656 1
32.400000 34.800000 22.684979 12.086698 25.704018 1
32.800000 34.800000 0.630134 -2.190567 2.279397 1
33.200000 34.800000 18.629241 3.820681 19.016998 1
33.600000 34.800000 14.487345 0.812855 14.510131 1
34.000000 34.800000 35.110523 -11.308886 36.886850 1
34.400000 34.800000 8.092165 2.144756 8.371565 1
34.800000 34.800000 9.223219 -5.255222 10.615325 1
35.200000 34.800000 6.566204 2.553562 7.045262 1
35.600000 34.800000 8.491113 12.264830 14.917274 1
36.000000 34.800000 5.202250 2.362043 5.713374 1
36.400000 34.800000 4.311412 1.954456 4.733727 1
36.800000 34.800000 0.676150 -0.086754 0.681692 1
37.200000 34.800000 0.115354 0.472283 0.486166 1
37.600000 34.800000 -0.121774 0.299652 0.323451 1
29.200000 35.200000 5.138581 0.233248 5.143872 1
29.600000 35.200000 2.480963 -1.161676 2.739465 1
30.000000 35.200000 16.624638 3.716390 17.034968 1
30.400000 35.200000 78.353391 18.337236 80.470541 1
30.800000 35.200000 28.316191 9.316133 29.809344 1
31.200000 35.200000 22.037445 40.384248 46.005830 1
31.600000 35.200000 41.877190 24.902417 48.721960 1
32.000000 35.200000 24.645062 12.009772 27.415574 1
32.400000 35.200000 19.929141 9.487075 22.072046 1
32.800000 35.200000 7.555130 -2.374075 7.919358 1
33.200000 35.200000 15.590500 2.123901 15.734505 1
33.600000 35.200000 15.658928 -0.527224 15.667801 1
34.000000 35.200000 13.545955 -0.027366 13.545983 1
34.400000 35.200000 8.604659 2.982481 9.106884 1
34.800000 35.200000 5.595308 -0.842090 5.658320 1
35.200000 35.200000 12.026507 3.650049 12.568203 1
35.600000 35.200000 8.483018 9.892597 13.031695 1
36.000000 35.200000 5.071302 2.164263 5.513813 1
36.400000 35.200000 19.270594 -1.715147 19.346770 1
36.800000 35.200000 1.761851 0.000000 1.761851 1
37.200000 35.200000 2.092812 0.305817 2.115038 1
37.600000 35.200000 0.862300 0.117318 0.870244 1
38.000000 35.200000 0.293531 0.451034 0.538138 1
29.600000 35.600000 0.977601 -0.803011 1.265121 1
30.000000 35.600000 4.011203 -0.437637 4.035007 1
30.400000 35.600000 22.231088 5.489154 22.898735 1
30.800000 35.600000 26.293484 7.553113 27.356842 1
31.200000 35.600000 28.205702 9.584489 29.789664 1
31.600000 35.600000 34.131842 5.971777 34.650321 1
32.000000 35.600000 15.260478 10.778670 18.683199 1
32.400000 35.600000 9.869032 9.335411 13.584833 1
32.800000 35.600000 12.362124 3.561080 12.864812 1
33.200000 35.600000 12.626579 1.852417 12.761738 1
33.600000 35.600000 6.153952 0.788664 6.204282 1
34.000000 35.600000 9.174230 0.126103 9.175097 1
34.400000 35.600000 8.000358 0.222963 8.003464 1
34.800000 35.600000 7.409364 1.280392 7.519181 1
35.200000 35.600000 5.632004 1.950524 5.960202 1
35.600000 35.600000 12.861725 7.332882 14.805240 1
36.000000 35.600000 4.850354 2.083072 5.278742 1
36.400000 35.600000 3.876700 1.713937 4.238677 1
36.800000 35.600000 2.713405 0.540302 2.766675 1
37.200000 35.600000 2.038089 0.236166 2.051726 1
37.600000 35.600000 1.622939 0.301730 1.650749 1
38.000000 35.600000 0.427273 -0.066364 0.432396 1
38.400000 35.600000 -1.059395 -1.002498 1.458534 1
30.000000 36.000000 1.338026 0.653497 1.489085 1
30.400000 36.000000 20.166122 3.660994 20.495740 1
30.800000 36.000000 81.593274 -4.460505 81.715105 1
31.200000 36.000000 89.188519 -6.092789 89.396387 1
31.600000 36.000000 21.726186 5.316119 22.367125 1
32.000000 36.000000 10.445109 4.435715 11.347945 1
32.400000 36.000000 7.700341 -5.735629 9.601703 1
32.800000 36.000000 8.718062 -2.511632 9.072645 1
33.200000 36.000000 8.214089 0.583455 8.234784 1
33.600000 36.000000 6.296523 2.605041 6.814135 1
34.000000 36.000000 4.053246 4.331454 5.932141 1
34.400000 36.000000 5.510365 0.619323 5.545059 1
34.800000 36.000000 5.111064 1.264253 5.265103 1
35.200000 36.000000 4.449693 1.396641 4.663729 1
35.600000 36.000000 0.566741 -0.510360 0.762668 1
36.000000 36.000000 0.913052 -0.143590 0.924274 1
36.400000 36.000000 0.273451 0.119483 0.298415 1
36.800000 36.000000 -0.063753 0.038972 0.074721 1
30.400000 36.400000 1.364325 1.000099 1.691621 1
30.800000 36.400000 16.797510 1.321122 16.849383 1
31.200000 36.400000 7.671546 -0.649913 7.699027 1
31.600000 36.400000 1.725299 0.034223 1.725638 1
32.000000 36.400000 1.466179 -1.417106 2.039086 1
32.400000 36.400000 7.708120 -4.696013 9.025944 1
32.800000 36.400000 6.753097 -0.533024 6.774100 1
33.200000 36.400000 6.139609 0.246357 6.144549 1
33.600000 36.400000 5.222396 0.210682 5.226644 1
34.000000 36.400000 1.208020 -1.850769 2.210126 1
34.400000 36.400000 -0.755939 -1.208553 1.425498 1
34.800000 36.400000 -0.304164 -0.724949 0.786172 1
35.200000 36.400000 3.078588 0.626453 3.141679 1
35.600000 36.400000 2.747184 0.785256 2.857209 1
30.400000 36.800000 0.301932 -0.340790 0.455303 1
30.800000 36.800000 -0.129373 -0.155286 0.202117 1
31.200000 36.800000 12.583196 0.489003 12.592694 1
31.600000 36.800000 12.864188 -0.061395 12.864335 1
32.000000 36.800000 7.356526 2.473240 7.761146 1
32.400000 36.800000 6.414181 0.103473 6.415015 1
32.800000 36.800000 5.426950 -0.103745 5.427942 1
33.200000 36.800000 2.576326 -0.774244 2.690151 1
33.600000 36.800000 2.903906 -1.197180 3.141005 1
34.000000 36.800000 3.133542 -0.030299 3.133689 1
30.800000 37.200000 -0.301913 1.734928 1.761001 1
31.200000 37.200000 3.877113 0.546696 3.915467 1
31.600000 37.200000 4.841559 0.367197 4.855464 1
32.000000 37.200000 3.322902 1.633879 3.702868 1
32.400000 37.200000 8.129198 1.020553 8.193009 1
32.800000 37.200000 3.080800 0.736430 3.167595 1
31.200000 37.600000 -0.216688 0.403412 0.457924 1
