# OpenPIV export (PIVlab-like)
# pair_id: 36
# source: Basler_acA1440-220uc__40671380__20260302_175123196_0792.tiff - Basler_acA1440-220uc__40671380__20260302_175123196_0793.tiff
# DT_ms: 1.0
# LM_KERNEL: 1, LM_THRESH: 2.0, LM_EPS: 0.1
# KEEP_PERCENTILE: 90.0
# columns: x_mm y_mm u_mm_per_s v_mm_per_s speed_mm_per_s valid

27.200000 32.400000 0.145225 -0.293135 0.327137 1
27.600000 32.400000 -1.708747 0.167864 1.716973 1
28.000000 32.400000 3.978900 -0.130964 3.981055 1
28.400000 32.400000 1.682620 -0.316847 1.712192 1
28.800000 32.400000 0.739774 -0.400870 0.841405 1
27.600000 32.800000 0.579472 -0.818090 1.002526 1
28.000000 32.800000 0.917570 -0.230641 0.946114 1
28.400000 32.800000 1.515756 -0.142590 1.522448 1
28.800000 32.800000 2.879642 -0.071779 2.880537 1
29.200000 32.800000 4.180928 -0.031353 4.181046 1
29.600000 32.800000 5.109760 -0.089600 5.110546 1
30.000000 32.800000 0.833922 -0.331817 0.897513 1
30.400000 32.800000 6.375377 -0.476255 6.393141 1
27.600000 33.200000 0.126988 -0.559675 0.573900 1
28.000000 33.200000 -1.853276 -0.595485 1.946596 1
28.400000 33.200000 1.972056 0.074093 1.973447 1
28.800000 33.200000 4.029650 0.187764 4.034022 1
29.200000 33.200000 -3.684319 0.211030 3.690357 1
29.600000 33.200000 11.129917 0.264407 11.133057 1
30.000000 33.200000 12.777598 0.058165 12.777731 1
30.400000 33.200000 0.748287 -0.009798 0.748351 1
30.800000 33.200000 1.147632 -0.323435 1.192337 1
31.200000 33.200000 2.393817 -1.157201 2.658849 1
31.600000 33.200000 6.528965 -1.934681 6.809580 1
28.000000 33.600000 -0.762430 -0.549418 0.939766 1
28.400000 33.600000 2.715650 0.278903 2.729934 1
28.800000 33.600000 5.359406 0.440737 5.377498 1
29.200000 33.600000 11.671717 0.608853 11.687587 1
29.600000 33.600000 14.009031 0.203938 14.010516 1
30.000000 33.600000 17.458418 -0.135465 17.458944 1
30.400000 33.600000 18.554273 -0.612705 18.564386 1
30.800000 33.600000 18.616536 -1.096277 18.648786 1
31.200000 33.600000 14.867547 -1.833354 14.980158 1
31.600000 33.600000 14.067534 -1.820670 14.184863 1
32.000000 33.600000 8.137304 -1.091483 8.210180 1
32.400000 33.600000 1.304313 -0.489157 1.393021 1
32.800000 33.600000 2.510778 -1.077178 2.732091 1
33.200000 33.600000 0.551535 -1.809993 1.892159 1
28.400000 34.000000 -0.345261 0.741677 0.818101 1
28.800000 34.000000 1.249166 1.141400 1.692102 1
29.200000 34.000000 13.710286 1.897288 13.840941 1
29.600000 34.000000 16.031583 0.877455 16.055578 1
30.000000 34.000000 97.724132 3.207532 97.776757 1
30.400000 34.000000 22.281394 -0.102906 22.281631 1
30.800000 34.000000 22.759610 -0.830943 22.774773 1
31.200000 34.000000 18.336095 -1.700516 18.414781 1
31.600000 34.000000 17.615863 -2.074416 17.737582 1
32.000000 34.000000 16.755836 -2.025785 16.877851 1
32.400000 34.000000 14.914349 -2.141234 15.067272 1
32.800000 34.000000 12.838819 -1.994616 12.992835 1
33.200000 34.000000 5.261455 -6.037906 8.008696 1
33.600000 34.000000 -0.434817 -2.722208 2.756716 1
34.000000 34.000000 -0.675313 -0.728151 0.993102 1
34.400000 34.000000 4.044285 -0.669576 4.099338 1
28.800000 34.400000 6.272187 1.124350 6.372166 1
29.200000 34.400000 13.574190 1.237089 13.630445 1
29.600000 34.400000 17.295370 0.944158 17.321122 1
30.000000 34.400000 24.940285 0.541964 24.946172 1
30.400000 34.400000 15.028643 -7.086744 16.615717 1
30.800000 34.400000 53.747509 -2.228364 53.793683 1
31.200000 34.400000 24.425510 -1.711725 24.485415 1
31.600000 34.400000 23.495821 -2.019948 23.582489 1
32.000000 34.400000 26.421270 -8.386470 27.720324 1
32.400000 34.400000 18.730610 -1.693308 18.806994 1
32.800000 34.400000 66.756357 1.959134 66.785099 1
33.200000 34.400000 14.557984 -0.709728 14.575274 1
33.600000 34.400000 12.357319 -0.276293 12.360408 1
34.000000 34.400000 7.097259 -0.447202 7.111334 1
34.400000 34.400000 5.432100 -0.575598 5.462510 1
34.800000 34.400000 3.487874 -0.450298 3.516822 1
35.200000 34.400000 1.655741 -0.247384 1.674120 1
35.600000 34.400000 0.296682 -0.302972 0.424043 1
29.200000 34.800000 1.861959 2.909651 3.454412 1
29.600000 34.800000 14.358547 5.861005 15.508683 1
30.000000 34.800000 23.383979 0.518693 23.389731 1
30.400000 34.800000 23.121045 4.833149 23.620797 1
30.800000 34.800000 28.451035 -0.369396 28.453433 1
31.200000 34.800000 24.773391 -1.046841 24.795499 1
31.600000 34.800000 24.255640 -1.302444 24.290583 1
32.000000 34.800000 12.026456 -3.682537 12.577628 1
32.400000 34.800000 22.833138 -5.803018 23.559016 1
32.800000 34.800000 18.789301 -0.673469 18.801367 1
33.200000 34.800000 16.815540 -0.044904 16.815600 1
33.600000 34.800000 14.648143 0.579956 14.659619 1
34.000000 34.800000 8.487694 0.513088 8.503188 1
34.400000 34.800000 6.562753 0.915242 6.626265 1
34.800000 34.800000 5.117922 0.707847 5.166640 1
35.200000 34.800000 4.723566 0.468723 4.746765 1
35.600000 34.800000 -0.076846 -2.128762 2.130148 1
36.000000 34.800000 0.573579 -0.495178 0.757756 1
36.400000 34.800000 0.797287 -0.297078 0.850836 1
29.200000 35.200000 0.505974 0.239036 0.559597 1
29.600000 35.200000 10.309327 0.571557 10.325158 1
30.000000 35.200000 17.566137 0.258947 17.568046 1
30.400000 35.200000 20.987434 -0.129127 20.987831 1
30.800000 35.200000 86.639588 0.247351 86.639941 1
31.200000 35.200000 23.358527 -0.842260 23.373707 1
31.600000 35.200000 23.381647 -1.001936 23.403104 1
32.000000 35.200000 12.510642 -3.653680 13.033247 1
32.400000 35.200000 21.507272 -0.304494 21.509427 1
32.800000 35.200000 46.725564 6.173373 47.131612 1
33.200000 35.200000 17.853420 0.537632 17.861514 1
33.600000 35.200000 15.609302 1.327720 15.665668 1
34.000000 35.200000 9.564408 1.348168 9.658957 1
34.400000 35.200000 7.458254 1.555812 7.618800 1
34.800000 35.200000 5.858192 1.322402 6.005594 1
35.200000 35.200000 5.360827 0.905263 5.436724 1
35.600000 35.200000 4.547972 0.444390 4.569631 1
36.000000 35.200000 3.538903 0.071120 3.539618 1
36.400000 35.200000 6.025559 2.610380 6.566692 1
36.800000 35.200000 2.854545 1.370290 3.166405 1
37.200000 35.200000 2.037201 1.311643 2.422931 1
29.600000 35.600000 1.699834 -1.054970 2.000599 1
30.000000 35.600000 2.957398 -0.899869 3.091273 1
30.400000 35.600000 16.158486 0.103909 16.158820 1
30.800000 35.600000 18.478141 -0.177353 18.478992 1
31.200000 35.600000 18.578654 -0.396068 18.582875 1
31.600000 35.600000 17.087759 5.122024 17.838908 1
32.000000 35.600000 11.246960 5.074246 12.338642 1
32.400000 35.600000 8.750616 1.548373 8.886548 1
32.800000 35.600000 33.852162 3.775996 34.062105 1
33.200000 35.600000 15.055243 0.157824 15.056070 1
33.600000 35.600000 7.913561 2.465858 8.288842 1
34.000000 35.600000 4.621126 1.807806 4.962154 1
34.400000 35.600000 10.978536 5.575810 12.313322 1
34.800000 35.600000 10.426192 6.471540 12.271362 1
35.200000 35.600000 9.773054 3.344103 10.329357 1
35.600000 35.600000 8.274955 -1.329573 8.381089 1
36.000000 35.600000 11.808554 -2.440966 12.058203 1
36.400000 35.600000 3.084013 -0.158578 3.088087 1
36.800000 35.600000 2.620913 -0.057565 2.621545 1
37.200000 35.600000 4.072029 -0.125046 4.073949 1
37.600000 35.600000 0.367025 -0.277000 0.459822 1
30.000000 36.000000 0.730695 -0.409659 0.837697 1
30.400000 36.000000 11.521277 -0.466687 11.530725 1
30.800000 36.000000 13.387342 -0.344848 13.391783 1
31.200000 36.000000 14.160014 -0.406917 14.165859 1
31.600000 36.000000 14.607671 -0.380627 14.612629 1
32.000000 36.000000 14.814679 -0.458743 14.821780 1
32.400000 36.000000 14.534560 -0.299171 14.537639 1
32.800000 36.000000 19.913874 -1.512624 19.971240 1
33.200000 36.000000 12.467559 0.117219 12.468110 1
33.600000 36.000000 7.158044 -1.038418 7.232973 1
34.000000 36.000000 3.180309 3.306425 4.587680 1
34.400000 36.000000 2.071660 5.363214 5.749421 1
34.800000 36.000000 11.962375 2.101041 12.145484 1
35.200000 36.000000 4.919013 0.896749 5.000084 1
35.600000 36.000000 5.321281 0.655940 5.361557 1
36.000000 36.000000 2.808705 -0.725134 2.900801 1
36.400000 36.000000 -0.015187 -0.719718 0.719878 1
36.800000 36.000000 0.359948 -0.955650 1.021191 1
30.400000 36.400000 0.761527 -0.660974 1.008370 1
30.800000 36.400000 5.709415 -2.030634 6.059777 1
31.200000 36.400000 7.377182 -0.120547 7.378167 1
31.600000 36.400000 10.762925 -4.350766 11.609036 1
32.000000 36.400000 2.191521 -3.402909 4.047537 1
32.400000 36.400000 9.880962 -0.396609 9.888918 1
32.800000 36.400000 20.080949 -10.389984 22.609650 1
33.200000 36.400000 8.394186 -0.322575 8.400382 1
33.600000 36.400000 7.502233 0.060771 7.502479 1
34.000000 36.400000 5.218121 0.792202 5.277913 1
34.400000 36.400000 1.036809 -1.452651 1.784704 1
34.800000 36.400000 1.250351 -1.040052 1.626372 1
35.200000 36.400000 -0.399477 0.188793 0.441842 1
35.600000 36.400000 0.828611 -0.153438 0.842697 1
30.400000 36.800000 1.031021 -0.302546 1.074495 1
30.800000 36.800000 0.443687 -0.835111 0.945658 1
31.200000 36.800000 -2.649009 -2.147327 3.410024 1
31.600000 36.800000 1.037497 2.312814 2.534859 1
32.000000 36.800000 6.324944 -0.926511 6.392444 1
32.400000 36.800000 6.747826 -1.060841 6.830706 1
32.800000 36.800000 10.101031 -3.097553 10.565305 1
33.200000 36.800000 0.109697 -0.610068 0.619852 1
33.600000 36.800000 1.480625 -0.860946 1.712739 1
34.000000 36.800000 0.317725 -0.597562 0.676778 1
30.800000 37.200000 -1.367259 0.422089 1.430929 1
31.200000 37.200000 -1.036111 1.889188 2.154659 1
31.600000 37.200000 2.087412 -0.214963 2.098452 1
32.000000 37.200000 0.851292 -0.206141 0.875895 1
32.400000 37.200000 0.861838 0.119544 0.870089 1
32.800000 37.200000 0.533124 0.588517 0.794087 1
31.200000 37.600000 -0.333552 1.659131 1.692327 1
