# OpenPIV export (PIVlab-like)
# pair_id: 29
# source: Basler_acA1440-220uc__40671380__20260302_175123196_0638.tiff - Basler_acA1440-220uc__40671380__20260302_175123196_0639.tiff
# DT_ms: 1.0
# LM_KERNEL: 1, LM_THRESH: 2.0, LM_EPS: 0.1
# KEEP_PERCENTILE: 90.0
# columns: x_mm y_mm u_mm_per_s v_mm_per_s speed_mm_per_s valid

29.200000 35.200000 -1.252722 0.916687 1.552298 1
29.600000 35.600000 0.558109 0.558029 0.789229 1
30.000000 35.600000 2.379160 -1.523314 2.825046 1
30.000000 36.000000 0.826945 -1.081244 1.361222 1
30.400000 36.000000 1.033750 -0.148462 1.044356 1
30.800000 36.000000 0.385195 -0.345306 0.517312 1
30.400000 36.400000 1.308688 0.436200 1.379469 1
30.800000 36.400000 1.087522 -0.029700 1.087928 1
31.200000 36.400000 0.955259 0.129070 0.963939 1
30.400000 36.800000 2.088071 0.476537 2.141758 1
30.800000 36.800000 0.995614 0.168880 1.009835 1
31.200000 36.800000 0.908035 0.273404 0.948302 1
30.800000 37.200000 1.002885 0.341174 1.059329 1
31.200000 37.200000 0.898495 0.398238 0.982796 1
31.600000 37.200000 0.827231 0.552211 0.994610 1
31.200000 37.600000 0.300137 0.533787 0.612381 1
