# OpenPIV export (PIVlab-like)
# pair_id: 30
# source: Basler_acA1440-220uc__40671380__20260302_175123196_0660.tiff - Basler_acA1440-220uc__40671380__20260302_175123196_0661.tiff
# DT_ms: 1.0
# LM_KERNEL: 1, LM_THRESH: 2.0, LM_EPS: 0.1
# KEEP_PERCENTILE: 90.0
# columns: x_mm y_mm u_mm_per_s v_mm_per_s speed_mm_per_s valid

28.800000 34.400000 0.593559 -0.746045 0.953360 1
29.200000 34.800000 0.926200 -0.234777 0.955493 1
29.600000 34.800000 1.131246 -0.094134 1.135156 1
30.000000 34.800000 1.232042 0.018662 1.232183 1
29.200000 35.200000 0.691265 -0.227642 0.727783 1
29.600000 35.200000 0.972818 -0.020882 0.973043 1
30.000000 35.200000 1.805668 -0.039720 1.806105 1
30.400000 35.200000 1.669300 0.568027 1.763297 1
29.600000 35.600000 0.951280 -0.026269 0.951643 1
30.000000 35.600000 0.878376 0.100620 0.884120 1
30.400000 35.600000 0.867511 0.211410 0.892900 1
30.800000 35.600000 -0.915668 1.309636 1.597996 1
31.200000 35.600000 -1.096759 0.406550 1.169685 1
30.000000 36.000000 0.626439 0.932899 1.123711 1
30.400000 36.000000 0.870092 -0.031981 0.870680 1
30.800000 36.000000 0.876503 0.020914 0.876753 1
31.200000 36.000000 2.883476 0.712409 2.970178 1
31.600000 36.000000 0.939545 -0.039231 0.940364 1
30.400000 36.400000 0.878849 -0.259860 0.916463 1
30.800000 36.400000 0.913576 -0.139390 0.924148 1
31.200000 36.400000 0.994891 -0.084954 0.998511 1
31.600000 36.400000 1.100496 -0.062510 1.102270 1
32.000000 36.400000 1.031419 -0.178246 1.046708 1
30.400000 36.800000 0.741381 -2.177765 2.300502 1
30.800000 36.800000 0.814353 -1.192319 1.443882 1
31.200000 36.800000 1.353219 -0.284462 1.382794 1
31.600000 36.800000 1.463908 -0.218664 1.480149 1
32.000000 36.800000 1.536195 -0.252937 1.556879 1
32.400000 36.800000 2.003932 -1.886046 2.751893 1
30.800000 37.200000 1.546512 -1.188411 1.950389 1
31.200000 37.200000 1.437435 -0.398410 1.491626 1
31.600000 37.200000 1.231240 1.110303 1.657928 1
32.000000 37.200000 1.754044 1.076527 2.058053 1
32.400000 37.200000 1.501491 0.196014 1.514231 1
32.800000 37.200000 1.427153 -1.349069 1.963861 1
31.200000 37.600000 2.489641 -0.475948 2.534727 1
