# OpenPIV export (PIVlab-like)
# pair_id: 32
# source: Basler_acA1440-220uc__40671380__20260302_175123196_0704.tiff - Basler_acA1440-220uc__40671380__20260302_175123196_0705.tiff
# DT_ms: 1.0
# LM_KERNEL: 1, LM_THRESH: 2.0, LM_EPS: 0.1
# KEEP_PERCENTILE: 90.0
# columns: x_mm y_mm u_mm_per_s v_mm_per_s speed_mm_per_s valid

27.600000 33.200000 -0.084665 -0.163688 0.184288 1
28.000000 33.600000 0.446778 -0.332485 0.556917 1
28.400000 33.600000 1.685122 -1.943401 2.572245 1
28.800000 33.600000 1.475904 -0.500250 1.558379 1
28.400000 34.000000 0.994185 -0.279789 1.032804 1
28.800000 34.000000 1.280460 -0.209927 1.297554 1
29.200000 34.000000 3.930847 -1.008442 4.058142 1
29.600000 34.000000 3.238503 0.123397 3.240853 1
30.000000 34.000000 0.689149 0.068093 0.692505 1
30.400000 34.000000 0.523421 -0.821781 0.974317 1
28.800000 34.400000 1.272841 -0.197736 1.288109 1
29.200000 34.400000 1.135818 0.221033 1.157125 1
29.600000 34.400000 1.459872 0.301083 1.490596 1
30.000000 34.400000 2.054450 0.260265 2.070870 1
30.400000 34.400000 2.059785 -0.741052 2.189034 1
30.800000 34.400000 1.001341 -0.801507 1.282614 1
31.200000 34.400000 0.743916 -0.173212 0.763815 1
29.200000 34.800000 -1.073643 2.117329 2.373982 1
29.600000 34.800000 1.465222 0.423627 1.525233 1
30.000000 34.800000 2.470180 0.335630 2.492877 1
30.400000 34.800000 3.382906 2.057752 3.959596 1
30.800000 34.800000 6.435245 0.120627 6.436376 1
31.200000 34.800000 1.365189 2.271836 2.650467 1
31.600000 34.800000 2.431313 0.860102 2.578964 1
32.000000 34.800000 2.887310 2.008028 3.516921 1
29.200000 35.200000 -1.364193 0.846484 1.605478 1
29.600000 35.200000 -2.004046 3.899460 4.384288 1
30.000000 35.200000 3.416564 0.219683 3.423619 1
30.400000 35.200000 5.249288 0.230369 5.254341 1
30.800000 35.200000 8.781330 -0.001352 8.781330 1
31.200000 35.200000 12.223307 0.691840 12.242870 1
31.600000 35.200000 14.889820 1.221639 14.939851 1
32.000000 35.200000 47.567977 7.450003 48.147845 1
32.400000 35.200000 5.629479 -0.245796 5.634842 1
32.800000 35.200000 0.893189 -0.706382 1.138754 1
29.600000 35.600000 -0.064791 0.818686 0.821246 1
30.000000 35.600000 1.901555 -1.426855 2.377357 1
30.400000 35.600000 6.139396 0.305598 6.146997 1
30.800000 35.600000 10.057207 0.098357 10.057688 1
31.200000 35.600000 13.811183 0.814295 13.835167 1
31.600000 35.600000 44.674416 -4.451160 44.895615 1
32.000000 35.600000 16.669319 1.454291 16.732637 1
32.400000 35.600000 42.826528 8.379243 43.638552 1
32.800000 35.600000 13.012344 1.454621 13.093396 1
33.200000 35.600000 9.289361 0.914005 9.334219 1
33.600000 35.600000 1.303995 -0.496469 1.395308 1
30.000000 36.000000 2.212050 -2.838664 3.598775 1
30.400000 36.000000 7.022379 -2.311986 7.393179 1
30.800000 36.000000 22.430553 0.617480 22.439051 1
31.200000 36.000000 15.864119 0.596106 15.875315 1
31.600000 36.000000 19.014407 1.143709 19.048772 1
32.000000 36.000000 18.984652 1.294004 19.028701 1
32.400000 36.000000 17.800720 1.212201 17.841947 1
32.800000 36.000000 14.218505 1.255961 14.273869 1
33.200000 36.000000 8.888379 0.734730 8.918695 1
33.600000 36.000000 5.293442 0.279592 5.300821 1
34.000000 36.000000 1.609973 -0.139098 1.615970 1
30.400000 36.400000 -0.184421 -0.112057 0.215796 1
30.800000 36.400000 10.461387 0.354326 10.467385 1
31.200000 36.400000 13.575136 1.475945 13.655136 1
31.600000 36.400000 16.239495 0.780364 16.258233 1
32.000000 36.400000 16.523985 0.997498 16.554065 1
32.400000 36.400000 15.576562 0.936596 15.604695 1
32.800000 36.400000 12.221990 1.058914 12.267777 1
33.200000 36.400000 8.373959 0.824513 8.414452 1
33.600000 36.400000 4.996436 0.340245 5.008008 1
34.000000 36.400000 3.180419 0.141500 3.183565 1
34.400000 36.400000 0.682603 0.161539 0.701457 1
30.400000 36.800000 -0.064340 -0.367587 0.373175 1
30.800000 36.800000 1.651214 -0.872499 1.867555 1
31.200000 36.800000 10.247821 0.183124 10.249457 1
31.600000 36.800000 12.000879 0.500389 12.011306 1
32.000000 36.800000 41.841071 2.397950 41.909729 1
32.400000 36.800000 11.569391 0.656744 11.588016 1
32.800000 36.800000 9.820010 0.631909 9.840320 1
33.200000 36.800000 1.624037 -1.642072 2.309523 1
33.600000 36.800000 4.933563 -0.159124 4.936128 1
34.000000 36.800000 2.029586 0.852649 2.201415 1
30.800000 37.200000 1.033923 -0.050419 1.035151 1
31.200000 37.200000 2.073906 -0.397393 2.111636 1
31.600000 37.200000 8.362481 -0.760850 8.397022 1
32.000000 37.200000 9.452626 0.463981 9.464006 1
32.400000 37.200000 0.807781 0.919448 1.223885 1
32.800000 37.200000 0.803482 0.897249 1.204425 1
31.200000 37.600000 1.551966 -0.594528 1.661945 1
