# OpenPIV export (PIVlab-like)
# pair_id: 35
# source: Basler_acA1440-220uc__40671380__20260302_175123196_0770.tiff - Basler_acA1440-220uc__40671380__20260302_175123196_0771.tiff
# DT_ms: 1.0
# LM_KERNEL: 1, LM_THRESH: 2.0, LM_EPS: 0.1
# KEEP_PERCENTILE: 90.0
# columns: x_mm y_mm u_mm_per_s v_mm_per_s speed_mm_per_s valid

27.200000 32.400000 -0.775960 -0.300442 0.832093 1
27.600000 32.400000 -0.094769 -0.675694 0.682307 1
27.600000 32.800000 -0.934006 -0.020301 0.934226 1
28.000000 32.800000 0.493794 0.450032 0.668103 1
28.400000 32.800000 0.560414 -0.520615 0.764921 1
28.800000 32.800000 -0.635403 -0.352503 0.726632 1
29.200000 32.800000 0.706773 -0.504923 0.868606 1
27.600000 33.200000 -0.797572 2.936002 3.042405 1
28.000000 33.200000 0.860521 0.737510 1.133321 1
28.400000 33.200000 1.892691 0.682121 2.011857 1
28.800000 33.200000 4.859733 0.519255 4.887395 1
29.200000 33.200000 3.681819 1.955776 4.169034 1
29.600000 33.200000 1.079553 0.861356 1.381076 1
30.000000 33.200000 1.059873 -0.380331 1.126047 1
30.400000 33.200000 10.671790 -0.885849 10.708493 1
30.800000 33.200000 13.374981 -0.411414 13.381307 1
28.000000 33.600000 0.223261 2.531431 2.541257 1
28.400000 33.600000 2.459243 0.900574 2.618952 1
28.800000 33.600000 5.963493 0.652950 5.999133 1
29.200000 33.600000 8.108225 0.314347 8.114316 1
29.600000 33.600000 10.781659 -0.039394 10.781731 1
30.000000 33.600000 13.120909 -0.626720 13.135868 1
30.400000 33.600000 14.110513 -1.407873 14.180574 1
30.800000 33.600000 12.463230 -2.237855 12.662547 1
31.200000 33.600000 3.965328 -0.903643 4.066989 1
31.600000 33.600000 3.376076 -1.894907 3.871506 1
32.000000 33.600000 2.369628 -1.811376 2.982653 1
28.400000 34.000000 0.200854 -0.054809 0.208198 1
28.800000 34.000000 5.929979 2.174777 6.316194 1
29.200000 34.000000 9.629195 0.477747 9.641039 1
29.600000 34.000000 53.510819 -0.419699 53.512465 1
30.000000 34.000000 16.208050 -0.830949 16.229336 1
30.400000 34.000000 18.108084 -1.939055 18.211607 1
30.800000 34.000000 16.747075 -3.070837 17.026291 1
31.200000 34.000000 16.031728 -5.593942 16.979650 1
31.600000 34.000000 13.399471 -6.227672 14.775985 1
32.000000 34.000000 10.786552 -7.212565 12.975777 1
32.400000 34.000000 -1.526392 -1.843394 2.393319 1
32.800000 34.000000 0.115909 0.010372 0.116372 1
33.200000 34.000000 2.308161 1.029268 2.527252 1
33.600000 34.000000 0.947405 0.973467 1.358387 1
28.800000 34.400000 1.483355 0.817126 1.693527 1
29.200000 34.400000 10.494521 0.470352 10.505056 1
29.600000 34.400000 15.944312 -0.204222 15.945620 1
30.000000 34.400000 21.193383 -1.254958 21.230506 1
30.400000 34.400000 23.983513 -2.474145 24.110792 1
30.800000 34.400000 23.010752 -4.038010 23.362368 1
31.200000 34.400000 22.037784 -6.543815 22.988812 1
31.600000 34.400000 18.016999 -7.313435 19.444757 1
32.000000 34.400000 14.713849 -8.844607 17.167540 1
32.400000 34.400000 13.051312 -9.457439 16.117689 1
32.800000 34.400000 -4.116851 -5.287805 6.701444 1
33.200000 34.400000 10.669133 -6.053086 12.266631 1
33.600000 34.400000 11.491676 0.704612 11.513258 1
34.000000 34.400000 -0.708244 0.543191 0.892561 1
34.400000 34.400000 -0.196840 0.803880 0.827629 1
34.800000 34.400000 1.795550 0.607910 1.895667 1
29.200000 34.800000 0.003023 1.281616 1.281619 1
29.600000 34.800000 15.136872 -0.054736 15.136971 1
30.000000 34.800000 23.556036 -1.042493 23.579092 1
30.400000 34.800000 27.533889 -2.422597 27.640261 1
30.800000 34.800000 27.995023 -4.163206 28.302891 1
31.200000 34.800000 27.868354 -6.745234 28.673042 1
31.600000 34.800000 23.748042 -7.689539 24.961941 1
32.000000 34.800000 28.080028 -44.479170 52.601184 1
32.400000 34.800000 13.186799 -7.920822 15.382818 1
32.800000 34.800000 31.973618 -30.243549 44.011186 1
33.200000 34.800000 14.346645 -6.549996 15.771134 1
33.600000 34.800000 13.540904 -5.246345 14.521716 1
34.000000 34.800000 11.148855 -2.616950 11.451873 1
34.400000 34.800000 8.898943 -1.180931 8.976958 1
34.800000 34.800000 2.900545 -0.446852 2.934764 1
35.200000 34.800000 0.735521 0.051728 0.737338 1
35.600000 34.800000 0.687224 0.712251 0.989736 1
29.200000 35.200000 6.025859 0.681738 6.064301 1
29.600000 35.200000 -1.073970 1.345734 1.721746 1
30.000000 35.200000 21.697646 -0.605722 21.706099 1
30.400000 35.200000 56.189654 -4.407066 56.362216 1
30.800000 35.200000 67.637542 -6.333858 67.933459 1
31.200000 35.200000 30.011937 -5.645877 30.538374 1
31.600000 35.200000 13.240323 -12.577756 18.262149 1
32.000000 35.200000 20.697059 -2.053718 20.798703 1
32.400000 35.200000 14.994174 -8.531719 17.251536 1
32.800000 35.200000 38.751919 -20.822970 43.992128 1
33.200000 35.200000 33.556343 -28.897439 44.284197 1
33.600000 35.200000 13.892408 -4.677244 14.658636 1
34.000000 35.200000 28.263817 -6.359266 28.970392 1
34.400000 35.200000 10.479022 -1.381188 10.569654 1
34.800000 35.200000 8.401973 -0.708233 8.431770 1
35.200000 35.200000 5.115989 -0.101487 5.116996 1
35.600000 35.200000 2.928987 -0.609005 2.991630 1
36.000000 35.200000 1.333955 -0.306914 1.368807 1
29.600000 35.600000 -1.459000 1.244166 1.917454 1
30.000000 35.600000 0.339726 1.133190 1.183019 1
30.400000 35.600000 24.252308 -0.811851 24.265893 1
30.800000 35.600000 87.026450 -0.418336 87.027455 1
31.200000 35.600000 28.097319 -4.469410 28.450570 1
31.600000 35.600000 25.077396 -5.089591 25.588664 1
32.000000 35.600000 11.029509 -2.275925 11.261879 1
32.400000 35.600000 14.431727 -7.240280 16.146096 1
32.800000 35.600000 12.884883 -6.769743 14.555055 1
33.200000 35.600000 14.869313 6.666545 16.295376 1
33.600000 35.600000 14.284951 -4.444458 14.960382 1
34.000000 35.600000 49.767810 -7.931047 50.395797 1
34.400000 35.600000 10.856686 -1.481939 10.957361 1
34.800000 35.600000 4.203390 2.610639 4.948123 1
35.200000 35.600000 9.348601 1.086473 9.411523 1
35.600000 35.600000 4.118326 -0.040633 4.118527 1
36.000000 35.600000 3.357450 -0.140095 3.360371 1
36.400000 35.600000 2.490368 -0.226042 2.500606 1
36.800000 35.600000 0.367428 -0.036910 0.369277 1
30.000000 36.000000 0.472648 0.253393 0.536288 1
30.400000 36.000000 4.447277 -0.732251 4.507157 1
30.800000 36.000000 58.140937 4.398614 58.307087 1
31.200000 36.000000 38.698736 7.454463 39.410166 1
31.600000 36.000000 21.279213 -2.206480 21.393304 1
32.000000 36.000000 8.963078 -6.855850 11.284478 1
32.400000 36.000000 -9.239578 2.466259 9.563067 1
32.800000 36.000000 -12.158783 6.325545 13.705784 1
33.200000 36.000000 0.276689 12.327025 12.330129 1
33.600000 36.000000 11.684800 -2.582372 11.966753 1
34.000000 36.000000 9.098392 0.590965 9.117564 1
34.400000 36.000000 10.264104 -1.116358 10.324635 1
34.800000 36.000000 8.994629 -0.660110 9.018819 1
35.200000 36.000000 11.316727 -0.450957 11.325708 1
35.600000 36.000000 4.696149 -0.095672 4.697123 1
36.000000 36.000000 7.336834 -0.442831 7.350186 1
36.400000 36.000000 2.192496 -0.608152 2.275278 1
36.800000 36.000000 1.354784 -0.660788 1.507342 1
30.400000 36.400000 -0.928616 1.722743 1.957083 1
30.800000 36.400000 16.924079 -1.690548 17.008304 1
31.200000 36.400000 16.647790 -0.195304 16.648935 1
31.600000 36.400000 15.638330 -0.705286 15.654226 1
32.000000 36.400000 9.365933 -1.106954 9.431121 1
32.400000 36.400000 6.438337 -0.577905 6.464221 1
32.800000 36.400000 0.147472 -3.536248 3.539322 1
33.200000 36.400000 6.536482 -0.378421 6.547427 1
33.600000 36.400000 7.262593 -0.047121 7.262746 1
34.000000 36.400000 8.026473 0.169308 8.028258 1
34.400000 36.400000 4.726453 0.427075 4.745709 1
34.800000 36.400000 1.581356 -0.028643 1.581616 1
35.200000 36.400000 2.602878 -0.195070 2.610177 1
35.600000 36.400000 4.640104 -0.053628 4.640413 1
30.400000 36.800000 8.341180 1.181006 8.424373 1
30.800000 36.800000 -0.091070 3.036693 3.038059 1
31.200000 36.800000 9.884062 0.323309 9.889349 1
31.600000 36.800000 9.339538 0.018919 9.339557 1
32.000000 36.800000 6.001344 -0.161528 6.003518 1
32.400000 36.800000 5.236362 -4.449611 6.871574 1
32.800000 36.800000 2.792432 -0.028842 2.792581 1
33.200000 36.800000 0.877179 0.283632 0.921895 1
33.600000 36.800000 4.622235 -0.362176 4.636402 1
34.000000 36.800000 2.759508 0.052706 2.760012 1
30.800000 37.200000 -0.198727 1.439692 1.453342 1
31.200000 37.200000 2.836705 1.910975 3.420339 1
31.600000 37.200000 4.432363 -0.714594 4.489598 1
32.000000 37.200000 0.515448 -0.581844 0.777322 1
32.400000 37.200000 1.139414 -0.488841 1.239851 1
32.800000 37.200000 2.000420 0.781749 2.147745 1
31.200000 37.600000 0.955504 -1.100853 1.457692 1
