# OpenPIV export (PIVlab-like)
# pair_id: 34
# source: Basler_acA1440-220uc__40671380__20260302_175123196_0748.tiff - Basler_acA1440-220uc__40671380__20260302_175123196_0749.tiff
# DT_ms: 1.0
# LM_KERNEL: 1, LM_THRESH: 2.0, LM_EPS: 0.1
# KEEP_PERCENTILE: 90.0
# columns: x_mm y_mm u_mm_per_s v_mm_per_s speed_mm_per_s valid

27.600000 32.800000 0.763046 -0.502172 0.913464 1
28.000000 32.800000 1.513759 -0.354842 1.554792 1
27.600000 33.200000 -0.825110 -0.325448 0.886974 1
28.000000 33.200000 2.278857 -0.509638 2.335149 1
28.400000 33.200000 -0.795343 -0.087467 0.800138 1
28.800000 33.200000 2.251455 -0.467655 2.299511 1
29.200000 33.200000 11.978820 -0.423146 11.986291 1
29.600000 33.200000 12.552761 0.106225 12.553210 1
30.000000 33.200000 -0.346516 0.066106 0.352766 1
28.000000 33.600000 -1.825269 -0.281803 1.846895 1
28.400000 33.600000 0.274887 -0.240739 0.365402 1
28.800000 33.600000 10.857002 -0.090503 10.857379 1
29.200000 33.600000 15.633230 -0.213803 15.634692 1
29.600000 33.600000 16.609649 -0.441412 16.615513 1
30.000000 33.600000 0.584735 0.356042 0.684603 1
30.400000 33.600000 2.143372 -0.526929 2.207192 1
30.800000 33.600000 2.862290 -1.005622 3.033806 1
31.200000 33.600000 3.016850 -0.026449 3.016966 1
28.400000 34.000000 5.746414 -0.132894 5.747951 1
28.800000 34.000000 15.810791 -4.255283 16.373410 1
29.200000 34.000000 16.991085 -0.025810 16.991104 1
29.600000 34.000000 18.461335 -0.229224 18.462758 1
30.000000 34.000000 40.725918 4.440358 40.967269 1
30.400000 34.000000 14.327587 0.859142 14.353322 1
30.800000 34.000000 15.338078 -0.365707 15.342438 1
31.200000 34.000000 11.900116 -0.259562 11.902946 1
31.600000 34.000000 2.340765 -0.841300 2.487361 1
32.000000 34.000000 1.759132 -0.687937 1.888863 1
32.400000 34.000000 2.651087 -1.851047 3.233364 1
28.800000 34.400000 0.255213 1.898138 1.915218 1
29.200000 34.400000 17.965728 0.089537 17.965951 1
29.600000 34.400000 83.666506 4.942716 83.812377 1
30.000000 34.400000 80.218836 -9.382209 80.765634 1
30.400000 34.400000 11.108688 -6.710401 12.978152 1
30.800000 34.400000 18.781903 0.023015 18.781917 1
31.200000 34.400000 18.125755 -0.032527 18.125784 1
31.600000 34.400000 21.034760 0.207049 21.035779 1
32.000000 34.400000 20.781737 -0.048413 20.781793 1
32.400000 34.400000 20.811586 -0.650575 20.821752 1
32.800000 34.400000 3.966952 -1.588861 4.273311 1
33.200000 34.400000 1.838656 -0.521108 1.911075 1
33.600000 34.400000 1.528199 0.555584 1.626058 1
29.200000 34.800000 2.505220 2.237363 3.358857 1
29.600000 34.800000 18.941566 0.226614 18.942922 1
30.000000 34.800000 20.945194 0.607284 20.953996 1
30.400000 34.800000 21.897950 1.133488 21.927266 1
30.800000 34.800000 20.388741 1.541972 20.446966 1
31.200000 34.800000 20.469387 1.646733 20.535519 1
31.600000 34.800000 23.953968 1.659791 24.011404 1
32.000000 34.800000 23.389388 1.276736 23.424208 1
32.400000 34.800000 24.122299 0.256372 24.123661 1
32.800000 34.800000 22.686171 -0.287301 22.687990 1
33.200000 34.800000 18.026091 -0.398863 18.030503 1
33.600000 34.800000 0.766102 0.407444 0.867712 1
34.000000 34.800000 2.295915 -0.109473 2.298523 1
34.400000 34.800000 -0.849893 -0.697924 1.099735 1
29.200000 35.200000 13.783027 0.447275 13.790282 1
29.600000 35.200000 0.917923 -0.707104 1.158697 1
30.000000 35.200000 17.823732 1.047085 17.854462 1
30.400000 35.200000 20.147376 -2.613811 20.316220 1
30.800000 35.200000 19.621396 2.986591 19.847390 1
31.200000 35.200000 21.745626 3.380078 22.006753 1
31.600000 35.200000 25.728740 3.277432 25.936646 1
32.000000 35.200000 90.862934 -3.880450 90.945757 1
32.400000 35.200000 86.562244 1.328562 86.572439 1
32.800000 35.200000 29.658985 0.379417 29.661412 1
33.200000 35.200000 46.473394 -7.554420 47.083390 1
33.600000 35.200000 20.182649 -0.144709 20.183168 1
34.000000 35.200000 17.699925 -0.491831 17.706757 1
34.400000 35.200000 11.925183 -0.245301 11.927706 1
34.800000 35.200000 2.327866 -0.954266 2.515867 1
35.200000 35.200000 1.232409 -0.728918 1.431836 1
29.600000 35.600000 0.308983 -0.613143 0.686597 1
30.000000 35.600000 3.910563 1.403583 4.154822 1
30.400000 35.600000 12.259124 8.542333 14.941807 1
30.800000 35.600000 18.106114 4.442234 18.643091 1
31.200000 35.600000 10.741983 11.756324 15.924866 1
31.600000 35.600000 11.300808 9.357640 14.672208 1
32.000000 35.600000 27.792818 3.832544 28.055821 1
32.400000 35.600000 29.428144 2.217270 29.511556 1
32.800000 35.600000 12.804238 1.738429 12.921712 1
33.200000 35.600000 27.675870 0.502156 27.680425 1
33.600000 35.600000 22.621884 0.040362 22.621920 1
34.000000 35.600000 19.396688 -0.423544 19.401312 1
34.400000 35.600000 11.811379 -0.515755 11.822635 1
34.800000 35.600000 6.327139 -0.489990 6.346083 1
35.200000 35.600000 1.527053 -0.571877 1.630624 1
35.600000 35.600000 1.996849 -0.284071 2.016954 1
36.000000 35.600000 0.735921 0.417271 0.845988 1
30.000000 36.000000 0.031032 0.798533 0.799136 1
30.400000 36.000000 4.362082 6.925955 8.185146 1
30.800000 36.000000 15.373002 4.752475 16.090843 1
31.200000 36.000000 28.811425 15.385933 32.662289 1
31.600000 36.000000 16.853594 11.233162 20.254075 1
32.000000 36.000000 12.153865 2.888390 12.492367 1
32.400000 36.000000 5.148883 1.323168 5.316180 1
32.800000 36.000000 14.659449 5.573743 15.683305 1
33.200000 36.000000 83.970165 5.645719 84.159746 1
33.600000 36.000000 80.981117 -3.366577 81.051065 1
34.000000 36.000000 19.801330 -0.237719 19.802757 1
34.400000 36.000000 12.954989 -0.382910 12.960647 1
34.800000 36.000000 7.266351 -0.415012 7.278193 1
35.200000 36.000000 4.044576 -0.411896 4.065495 1
35.600000 36.000000 2.178057 -0.274171 2.195245 1
36.000000 36.000000 1.372102 -0.138685 1.379093 1
36.400000 36.000000 0.099955 0.555861 0.564776 1
30.400000 36.400000 1.470863 0.878399 1.713191 1
30.800000 36.400000 12.309691 4.818397 13.219132 1
31.200000 36.400000 75.337016 7.021131 75.663480 1
31.600000 36.400000 15.289895 4.401682 15.910867 1
32.000000 36.400000 15.467432 3.999559 15.976168 1
32.400000 36.400000 16.113746 2.773350 16.350666 1
32.800000 36.400000 19.070591 1.518569 19.130957 1
33.200000 36.400000 19.490241 1.048611 19.518429 1
33.600000 36.400000 18.726149 0.608609 18.736037 1
34.000000 36.400000 17.291096 0.193769 17.292182 1
34.400000 36.400000 1.738035 -1.373405 2.215176 1
34.800000 36.400000 0.836125 -0.103218 0.842472 1
35.200000 36.400000 1.273118 -0.898605 1.558307 1
35.600000 36.400000 2.721982 -0.698342 2.810137 1
30.400000 36.800000 9.280728 3.108791 9.787568 1
30.800000 36.800000 2.656342 1.532908 3.066913 1
31.200000 36.800000 11.649692 3.646059 12.206927 1
31.600000 36.800000 12.072124 3.311533 12.518084 1
32.000000 36.800000 8.824730 1.213126 8.907723 1
32.400000 36.800000 12.470679 2.181213 12.659997 1
32.800000 36.800000 14.977646 1.266067 15.031061 1
33.200000 36.800000 1.961161 0.892046 2.154507 1
33.600000 36.800000 6.541296 1.864698 6.801886 1
34.000000 36.800000 9.884935 0.726213 9.911576 1
30.800000 37.200000 8.846154 2.308906 9.142510 1
31.200000 37.200000 0.775821 1.398737 1.599488 1
31.600000 37.200000 9.456110 2.009930 9.667359 1
32.000000 37.200000 -0.136754 -0.137000 0.193573 1
32.400000 37.200000 -0.147661 -0.174581 0.228654 1
32.800000 37.200000 1.152862 -1.335103 1.763970 1
31.200000 37.600000 1.262639 0.889204 1.544325 1
